[[0, 7, 22, 28, 1, 19, 34, 12, 9, 16, 24, 40], [7, 0, 13, 19, 25, 39, 44, 50, 28, 46, 25, 47], [22, 13, 0, 8, 7, 49, 35, 27, 31, 13, 48, 49], [28, 19, 8, 0, 22, 27, 10, 40, 42, 1, 41, 29], [1, 25, 7, 22, 0, 15, 14, 44, 21, 34, 34, 19], [19, 39, 49, 27, 15, 0, 46, 9, 13, 27, 22, 28], [34, 44, 35, 10, 14, 46, 0, 2, 44, 31, 36, 2], [12, 50, 27, 40, 44, 9, 2, 0, 42, 46, 20, 32], [9, 28, 31, 42, 21, 13, 44, 42, 0, 35, 34, 4], [16, 46, 13, 1, 34, 27, 31, 46, 35, 0, 32, 12], [24, 25, 48, 41, 34, 22, 36, 20, 34, 32, 0, 31], [40, 47, 49, 29, 19, 28, 2, 32, 4, 12, 31, 0]]