[[0, 39, 19, 4, 40, 9, 18, 36], [39, 0, 9, 38, 24, 42, 25, 48], [19, 9, 0, 49, 18, 13, 10, 34], [4, 38, 49, 0, 9, 18, 1, 50], [40, 24, 18, 9, 0, 45, 50, 19], [9, 42, 13, 18, 45, 0, 12, 16], [18, 25, 10, 1, 50, 12, 0, 23], [36, 48, 34, 50, 19, 16, 23, 0]]