[[0, 31.240998703626616, 25.495097567963924, 18.0, 6.4031242374328485, 29.410882339705484], [31.240998703626616, 0, 13.341664064126334, 24.08318915758459, 37.53664875824692, 3.0], [25.495097567963924, 13.341664064126334, 0, 12.083045973594572, 31.76476034853718, 14.317821063276353], [18.0, 24.08318915758459, 12.083045973594572, 0, 23.345235059857504, 24.020824298928627], [6.4031242374328485, 37.53664875824692, 31.76476034853718, 23.345235059857504, 0, 35.608987629529715], [29.410882339705484, 3.0, 14.317821063276353, 24.020824298928627, 35.608987629529715, 0]]