[[0, 4, 39, 11, 4, 35], [4, 0, 29, 19, 47, 15], [39, 29, 0, 50, 24, 43], [11, 19, 50, 0, 19, 13], [4, 47, 24, 19, 0, 43], [35, 15, 43, 13, 43, 0]]