[[0, 4, 12, 14, 33, 16, 41, 36, 34, 47, 36, 25, 11, 39, 11, 38, 36, 7], [4, 0, 19, 36, 24, 40, 44, 13, 23, 2, 49, 14, 4, 40, 28, 37, 14, 23], [12, 19, 0, 29, 16, 1, 36, 50, 45, 6, 32, 42, 14, 29, 15, 2, 34, 6], [14, 36, 29, 0, 19, 34, 18, 44, 41, 43, 1, 25, 3, 24, 20, 13, 42, 24], [33, 24, 16, 19, 0, 40, 49, 21, 8, 38, 45, 12, 21, 34, 3, 16, 12, 3], [16, 40, 1, 34, 40, 0, 44, 30, 37, 10, 23, 46, 41, 27, 23, 36, -1, 2], [41, 44, 36, 18, 49, 44, 0, 34, 10, 14, 3, 21, 26, 36, 5, 24, 4, 6], [36, 13, 50, 44, 21, 30, 34, 0, 28, 24, 6, 39, 14, 26, 25, 47, 32, 26], [34, 23, 45, 41, 8, 37, 10, 28, 0, 29, 25, 42, 6, 30, 1, 6, 3, 35], [47, 2, 6, 43, 38, 10, 14, 24, 29, 0, 13, 13, 24, 18, 17, 20, 21, 34], [36, 49, 32, 1, 45, 23, 3, 6, 25, 13, 0, 42, 9, 47, 4, 40, 7, 8], [25, 14, 42, 25, 12, 46, 21, 39, 42, 13, 42, 0, 27, 36, -1, 33, 13, 37], [11, 4, 14, 3, 21, 41, 26, 14, 6, 24, 9, 27, 0, 14, 13, 26, 34, 21], [39, 40, 29, 24, 34, 27, 36, 26, 30, 18, 47, 36, 14, 0, 20, 39, 6, 19], [11, 28, 15, 20, 3, 23, 5, 25, 1, 17, 4, -1, 13, 20, 0, 6, 7, -1], [38, 37, 2, 13, 16, 36, 24, 47, 6, 20, 40, 33, 26, 39, 6, 0, 5, 24], [36, 14, 34, 42, 12, -1, 4, 32, 3, 21, 7, 13, 34, 6, 7, 5, 0, 20], [7, 23, 6, 24, 3, 2, 6, 26, 35, 34, 8, 37, 21, 19, -1, 24, 20, 0]]