[[0, 26.870057685088806, 31.953090617340916, 26.92582403567252, 31.016124838541646, 13.152946437965905, 36.6742416417845, 46.04345773288535, 26.40075756488817, 6.708203932499369], [26.870057685088806, 0, 31.953090617340916, 10.816653826391969, 23.323807579381203, 18.027756377319946, 20.808652046684813, 20.248456731316587, 30.4138126514911, 25.553864678361276], [31.953090617340916, 31.953090617340916, 0, 21.587033144922902, 10.04987562112089, 36.87817782917155, 18.973665961010276, 37.8549864614954, 6.0, 25.298221281347036], [26.92582403567252, 10.816653826391969, 21.587033144922902, 0, 12.529964086141668, 23.194827009486403, 11.40175425099138, 20.615528128088304, 21.02379604162864, 23.021728866442675], [31.016124838541646, 23.323807579381203, 10.04987562112089, 12.529964086141668, 0, 32.202484376209235, 9.433981132056603, 27.892651361962706, 12.206555615733702, 25.079872407968907], [13.152946437965905, 18.027756377319946, 36.87817782917155, 23.194827009486403, 32.202484376209235, 0, 34.52535300326414, 38.27531841800928, 32.55764119219941, 16.492422502470642], [36.6742416417845, 20.808652046684813, 18.973665961010276, 11.40175425099138, 9.433981132056603, 34.52535300326414, 0, 19.1049731745428, 21.633307652783937, 31.622776601683793], [46.04345773288535, 20.248456731316587, 37.8549864614954, 20.615528128088304, 27.892651361962706, 38.27531841800928, 19.1049731745428, 0, 39.56008088970496, 43.18564576337837], [26.40075756488817, 30.4138126514911, 6.0, 21.02379604162864, 12.206555615733702, 32.55764119219941, 21.633307652783937, 39.56008088970496, 0, 19.697715603592208], [6.708203932499369, 25.553864678361276, 25.298221281347036, 23.021728866442675, 25.079872407968907, 16.492422502470642, 31.622776601683793, 43.18564576337837, 19.697715603592208, 0]]