[[0, 16.401219466856727, 9.486832980505138, 21.540659228538015, 4.242640687119285, 30.01666203960727, 25.079872407968907, 29.832867780352597, 10.0, 14.422205101855956, 16.278820596099706, 28.861739379323623, 15.264337522473747, 22.02271554554524], [16.401219466856727, 0, 8.06225774829855, 11.180339887498949, 20.615528128088304, 24.413111231467404, 26.419689627245813, 19.924858845171276, 19.1049731745428, 21.095023109728988, 2.8284271247461903, 26.90724809414742, 21.213203435596427, 36.138621999185304], [9.486832980505138, 8.06225774829855, 0, 17.029386365926403, 13.416407864998739, 28.792360097775937, 27.586228448267445, 26.076809620810597, 15.811388300841896, 19.235384061671343, 9.219544457292887, 29.68164415931166, 19.72308292331602, 31.064449134018133], [21.540659228538015, 11.180339887498949, 17.029386365926403, 0, 25.495097567963924, 13.45362404707371, 18.24828759089466, 9.055385138137417, 18.439088914585774, 17.88854381999832, 8.54400374531753, 17.0, 17.46424919657298, 35.510561809129406], [4.242640687119285, 20.615528128088304, 13.416407864998739, 25.495097567963924, 0, 33.06055050963308, 26.92582403567252, 33.52610922848042, 11.40175425099138, 15.811388300841896, 20.518284528683193, 31.25699921617557, 16.76305461424021, 19.4164878389476], [30.01666203960727, 24.413111231467404, 28.792360097775937, 13.45362404707371, 33.06055050963308, 0, 11.40175425099138, 8.06225774829855, 22.561028345356956, 19.313207915827967, 21.633307652783937, 6.324555320336759, 18.384776310850235, 35.805027579936315], [25.079872407968907, 26.419689627245813, 27.586228448267445, 18.24828759089466, 26.92582403567252, 11.40175425099138, 0, 18.027756377319946, 15.524174696260024, 11.180339887498949, 23.706539182259394, 5.830951894845301, 10.198039027185569, 25.059928172283335], [29.832867780352597, 19.924858845171276, 26.076809620810597, 9.055385138137417, 33.52610922848042, 8.06225774829855, 18.027756377319946, 0, 24.698178070456937, 22.67156809750927, 17.46424919657298, 14.035668847618199, 21.93171219946131, 40.311288741492746], [10.0, 19.1049731745428, 15.811388300841896, 18.439088914585774, 11.40175425099138, 22.561028345356956, 15.524174696260024, 24.698178070456937, 0, 4.47213595499958, 17.46424919657298, 20.024984394500787, 5.385164807134504, 17.46424919657298], [14.422205101855956, 21.095023109728988, 19.235384061671343, 17.88854381999832, 15.811388300841896, 19.313207915827967, 11.180339887498949, 22.67156809750927, 4.47213595499958, 0, 19.0, 16.0312195418814, 1.0, 17.804493814764857], [16.278820596099706, 2.8284271247461903, 9.219544457292887, 8.54400374531753, 20.518284528683193, 21.633307652783937, 23.706539182259394, 17.46424919657298, 17.46424919657298, 19.0, 0, 24.08318915758459, 19.026297590440446, 34.785054261852174], [28.861739379323623, 26.90724809414742, 29.68164415931166, 17.0, 31.25699921617557, 6.324555320336759, 5.830951894845301, 14.035668847618199, 20.024984394500787, 16.0312195418814, 24.08318915758459, 0, 15.033296378372908, 30.886890422961002], [15.264337522473747, 21.213203435596427, 19.72308292331602, 17.46424919657298, 16.76305461424021, 18.384776310850235, 10.198039027185569, 21.93171219946131, 5.385164807134504, 1.0, 19.026297590440446, 15.033296378372908, 0, 18.439088914585774], [22.02271554554524, 36.138621999185304, 31.064449134018133, 35.510561809129406, 19.4164878389476, 35.805027579936315, 25.059928172283335, 40.311288741492746, 17.46424919657298, 17.804493814764857, 34.785054261852174, 30.886890422961002, 18.439088914585774, 0]]