[[0, 19, 32, 48, 41, 26, 36, 41, 32, -1, 14, 15, 33, 14, 50, 47], [19, 0, 10, 31, 6, 45, 12, 40, 9, 18, 12, 14, -1, 3, 12, 50], [32, 10, 0, 3, 22, 24, -1, 38, 40, 1, 19, 26, 44, 49, 24, 37], [48, 31, 3, 0, 35, 21, 21, 17, 9, 34, 25, 36, 50, 43, 44, 43], [41, 6, 22, 35, 0, 49, 8, 27, 25, 4, 21, 20, 3, 18, 10, 3], [26, 45, 24, 21, 49, 0, 22, 1, 33, 44, 30, 46, 48, 28, 26, 39], [36, 12, -1, 21, 8, 22, 0, 36, 7, 35, 28, 11, 8, 35, 18, 16], [41, 40, 38, 17, 27, 1, 36, 0, 32, 41, 45, 30, 33, 11, 28, 25], [32, 9, 40, 9, 25, 33, 7, 32, 0, 25, 25, 22, 4, 19, 14, 7], [-1, 18, 1, 34, 4, 44, 35, 41, 25, 0, 2, 24, 38, 19, 34, 43], [14, 12, 19, 25, 21, 30, 28, 45, 25, 2, 0, 50, 18, 13, 8, 3], [15, 14, 26, 36, 20, 46, 11, 30, 22, 24, 50, 0, 23, 46, 19, 9], [33, -1, 44, 50, 3, 48, 8, 33, 4, 38, 18, 23, 0, 28, 37, 38], [14, 3, 49, 43, 18, 28, 35, 11, 19, 19, 13, 46, 28, 0, 24, 9], [50, 12, 24, 44, 10, 26, 18, 28, 14, 34, 8, 19, 37, 24, 0, 38], [47, 50, 37, 43, 3, 39, 16, 25, 7, 43, 3, 9, 38, 9, 38, 0]]