[[0, 15.524174696260024, 14.212670403551895, 13.152946437965905, 17.72004514666935, 15.556349186104045, 18.439088914585774, 5.0990195135927845, 12.806248474865697, 18.24828759089466, 20.024984394500787, 7.0710678118654755, 10.295630140987, 12.165525060596439, 26.419689627245813, 15.132745950421556, 6.4031242374328485, 19.209372712298546, 7.0710678118654755, 17.11724276862369], [15.524174696260024, 0, 28.30194339616981, 6.324555320336759, 16.401219466856727, 26.92582403567252, 3.0, 16.64331697709324, 27.730849247724095, 3.1622776601683795, 22.627416997969522, 21.93171219946131, 25.632011235952593, 15.264337522473747, 33.83784863137726, 17.029386365926403, 10.0, 11.40175425099138, 20.024984394500787, 2.8284271247461903], [14.212670403551895, 28.30194339616981, 0, 23.769728648009426, 31.304951684997057, 22.090722034374522, 30.886890422961002, 11.661903789690601, 3.1622776601683795, 30.4138126514911, 32.01562118716424, 7.211102550927978, 6.0, 25.495097567963924, 34.23448553724738, 28.231188426986208, 20.518284528683193, 33.421549934136806, 16.492422502470642, 29.068883707497267], [13.152946437965905, 6.324555320336759, 23.769728648009426, 0, 20.615528128088304, 27.294688127912362, 7.810249675906654, 12.36931687685298, 23.769728648009426, 7.0710678118654755, 26.076809620810597, 18.24828759089466, 22.20360331117452, 17.804493814764857, 36.069377593742864, 20.248456731316587, 10.0, 17.029386365926403, 19.313207915827967, 5.656854249492381], [17.72004514666935, 16.401219466856727, 31.304951684997057, 20.615528128088304, 0, 17.08800749063506, 18.384776310850235, 22.360679774997898, 29.154759474226502, 19.1049731745428, 6.708203932499369, 24.166091947189145, 26.076809620810597, 5.830951894845301, 18.973665961010276, 3.605551275463989, 13.0, 7.280109889280518, 15.620499351813308, 19.209372712298546], [15.556349186104045, 26.92582403567252, 22.090722034374522, 27.294688127912362, 17.08800749063506, 0, 29.832867780352597, 20.0, 19.026297590440446, 30.083217912982647, 13.45362404707371, 17.08800749063506, 16.1245154965971, 13.038404810405298, 12.165525060596439, 13.601470508735444, 17.46424919657298, 23.345235059857504, 8.48528137423857, 29.410882339705484], [18.439088914585774, 3.0, 30.886890422961002, 7.810249675906654, 18.384776310850235, 29.832867780352597, 0, 19.235384061671343, 30.463092423455635, 1.0, 24.839484696748443, 24.698178070456937, 28.460498941515414, 17.88854381999832, 36.359317925395686, 19.4164878389476, 13.0, 12.529964086141668, 23.021728866442675, 2.23606797749979], [5.0990195135927845, 16.64331697709324, 11.661903789690601, 12.36931687685298, 22.360679774997898, 20.0, 19.235384061671343, 0, 11.40175425099138, 18.788294228055936, 25.079872407968907, 6.0, 10.0, 17.029386365926403, 31.304951684997057, 20.024984394500787, 9.848857801796104, 22.825424421026653, 11.661903789690601, 17.46424919657298], [12.806248474865697, 27.730849247724095, 3.1622776601683795, 23.769728648009426, 29.154759474226502, 19.026297590440446, 30.463092423455635, 11.40175425099138, 0, 30.083217912982647, 29.410882339705484, 5.830951894845301, 3.1622776601683795, 23.323807579381203, 31.144823004794873, 25.942243542145693, 19.209372712298546, 31.827660925679098, 13.92838827718412, 28.792360097775937], [18.24828759089466, 3.1622776601683795, 30.4138126514911, 7.0710678118654755, 19.1049731745428, 30.083217912982647, 1.0, 18.788294228055936, 30.083217912982647, 0, 25.495097567963924, 24.351591323771842, 28.160255680657446, 18.35755975068582, 36.89173349139343, 20.0, 13.038404810405298, 13.416407864998739, 23.08679276123039, 1.4142135623730951], [20.024984394500787, 22.627416997969522, 32.01562118716424, 26.076809620810597, 6.708203932499369, 13.45362404707371, 24.839484696748443, 25.079872407968907, 29.410882339705484, 25.495097567963924, 0, 25.317977802344327, 26.248809496813376, 8.54400374531753, 12.36931687685298, 5.830951894845301, 17.08800749063506, 13.92838827718412, 15.524174696260024, 25.45584412271571], [7.0710678118654755, 21.93171219946131, 7.211102550927978, 18.24828759089466, 24.166091947189145, 17.08800749063506, 24.698178070456937, 6.0, 5.830951894845301, 24.351591323771842, 25.317977802344327, 0, 4.0, 18.384776310850235, 29.120439557122072, 21.18962010041709, 13.45362404707371, 26.248809496813376, 10.0, 23.08679276123039], [10.295630140987, 25.632011235952593, 6.0, 22.20360331117452, 26.076809620810597, 16.1245154965971, 28.460498941515414, 10.0, 3.1622776601683795, 28.160255680657446, 26.248809496813376, 4.0, 0, 20.248456731316587, 28.284271247461902, 22.825424421026653, 16.64331697709324, 29.0, 10.770329614269007, 26.92582403567252], [12.165525060596439, 15.264337522473747, 25.495097567963924, 17.804493814764857, 5.830951894845301, 13.038404810405298, 17.88854381999832, 17.029386365926403, 23.323807579381203, 18.35755975068582, 8.54400374531753, 18.384776310850235, 20.248456731316587, 0, 18.601075237738275, 3.0, 8.54400374531753, 10.44030650891055, 9.899494936611665, 18.027756377319946], [26.419689627245813, 33.83784863137726, 34.23448553724738, 36.069377593742864, 18.973665961010276, 12.165525060596439, 36.359317925395686, 31.304951684997057, 31.144823004794873, 36.89173349139343, 12.36931687685298, 29.120439557122072, 28.284271247461902, 18.601075237738275, 0, 17.0, 26.1725046566048, 26.248809496813376, 19.697715603592208, 36.61966684720111], [15.132745950421556, 17.029386365926403, 28.231188426986208, 20.248456731316587, 3.605551275463989, 13.601470508735444, 19.4164878389476, 20.024984394500787, 25.942243542145693, 20.0, 5.830951894845301, 21.18962010041709, 22.825424421026653, 3.0, 17.0, 0, 11.40175425099138, 10.0, 12.206555615733702, 19.849433241279208], [6.4031242374328485, 10.0, 20.518284528683193, 10.0, 13.0, 17.46424919657298, 13.0, 9.848857801796104, 19.209372712298546, 13.038404810405298, 17.08800749063506, 13.45362404707371, 16.64331697709324, 8.54400374531753, 26.1725046566048, 11.40175425099138, 0, 13.038404810405298, 10.04987562112089, 12.165525060596439], [19.209372712298546, 11.40175425099138, 33.421549934136806, 17.029386365926403, 7.280109889280518, 23.345235059857504, 12.529964086141668, 22.825424421026653, 31.827660925679098, 13.416407864998739, 13.92838827718412, 26.248809496813376, 29.0, 10.44030650891055, 26.248809496813376, 10.0, 13.038404810405298, 0, 19.72308292331602, 13.92838827718412], [7.0710678118654755, 20.024984394500787, 16.492422502470642, 19.313207915827967, 15.620499351813308, 8.48528137423857, 23.021728866442675, 11.661903789690601, 13.92838827718412, 23.08679276123039, 15.524174696260024, 10.0, 10.770329614269007, 9.899494936611665, 19.697715603592208, 12.206555615733702, 10.04987562112089, 19.72308292331602, 0, 22.20360331117452], [17.11724276862369, 2.8284271247461903, 29.068883707497267, 5.656854249492381, 19.209372712298546, 29.410882339705484, 2.23606797749979, 17.46424919657298, 28.792360097775937, 1.4142135623730951, 25.45584412271571, 23.08679276123039, 26.92582403567252, 18.027756377319946, 36.61966684720111, 19.849433241279208, 12.165525060596439, 13.92838827718412, 22.20360331117452, 0]]