[[0, 38.897300677553446, 25.238858928247925, 24.20743687382041, 22.80350850198276, 22.20360331117452, 12.206555615733702, 18.601075237738275, 1.4142135623730951, 29.0, 34.655446902326915, 33.24154027718932, 22.360679774997898, 32.984845004941285, 35.90264614203248, 29.698484809834994], [38.897300677553446, 0, 16.1245154965971, 18.24828759089466, 32.57299494980466, 17.4928556845359, 37.20215047547655, 26.1725046566048, 40.162171256046406, 17.88854381999832, 16.97056274847714, 17.029386365926403, 21.93171219946131, 20.615528128088304, 20.09975124224178, 18.35755975068582], [25.238858928247925, 16.1245154965971, 0, 2.23606797749979, 17.0, 11.045361017187261, 27.784887978899608, 10.04987562112089, 26.627053911388696, 6.0, 10.770329614269007, 9.486832980505138, 18.027756377319946, 24.596747752497688, 26.076809620810597, 7.0], [24.20743687382041, 18.24828759089466, 2.23606797749979, 0, 14.7648230602334, 12.36931687685298, 27.730849247724095, 8.0, 25.612496949731394, 5.385164807134504, 10.816653826391969, 9.433981132056603, 19.235384061671343, 26.419689627245813, 28.0178514522438, 6.324555320336759], [22.80350850198276, 32.57299494980466, 17.0, 14.7648230602334, 0, 24.839484696748443, 32.01562118716424, 8.602325267042627, 24.041630560342615, 15.132745950421556, 19.1049731745428, 18.027756377319946, 30.528675044947494, 39.698866482558415, 41.72529209005013, 15.033296378372908], [22.20360331117452, 17.4928556845359, 11.045361017187261, 12.36931687685298, 24.839484696748443, 0, 19.849433241279208, 16.278820596099706, 23.345235059857504, 17.029386365926403, 21.213203435596427, 20.09975124224178, 7.0, 14.866068747318506, 17.029386365926403, 18.027756377319946], [12.206555615733702, 37.20215047547655, 27.784887978899608, 27.730849247724095, 32.01562118716424, 19.849433241279208, 0, 25.317977802344327, 12.041594578792296, 33.1058907144937, 38.47076812334269, 37.12142238654117, 16.15549442140351, 25.079872407968907, 28.071337695236398, 34.0147027033899], [18.601075237738275, 26.1725046566048, 10.04987562112089, 8.0, 8.602325267042627, 16.278820596099706, 25.317977802344327, 0, 20.0, 11.180339887498949, 16.64331697709324, 15.264337522473747, 21.95449840010015, 31.144823004794873, 33.24154027718932, 11.661903789690601], [1.4142135623730951, 40.162171256046406, 26.627053911388696, 25.612496949731394, 24.041630560342615, 23.345235059857504, 12.041594578792296, 20.0, 0, 30.4138126514911, 36.069377593742864, 34.655446902326915, 23.194827009486403, 33.734255586866, 36.6742416417845, 31.11269837220809], [29.0, 17.88854381999832, 6.0, 5.385164807134504, 15.132745950421556, 17.029386365926403, 33.1058907144937, 11.180339887498949, 30.4138126514911, 0, 5.656854249492381, 4.242640687119285, 24.020824298928627, 30.083217912982647, 31.304951684997057, 1.0], [34.655446902326915, 16.97056274847714, 10.770329614269007, 10.816653826391969, 19.1049731745428, 21.213203435596427, 38.47076812334269, 16.64331697709324, 36.069377593742864, 5.656854249492381, 0, 1.4142135623730951, 28.160255680657446, 32.7566787083184, 33.52610922848042, 5.0], [33.24154027718932, 17.029386365926403, 9.486832980505138, 9.433981132056603, 18.027756377319946, 20.09975124224178, 37.12142238654117, 15.264337522473747, 34.655446902326915, 4.242640687119285, 1.4142135623730951, 0, 27.073972741361768, 32.01562118716424, 32.89376840679705, 3.605551275463989], [22.360679774997898, 21.93171219946131, 18.027756377319946, 19.235384061671343, 30.528675044947494, 7.0, 16.15549442140351, 21.95449840010015, 23.194827009486403, 24.020824298928627, 28.160255680657446, 27.073972741361768, 0, 10.770329614269007, 13.601470508735444, 25.019992006393608], [32.984845004941285, 20.615528128088304, 24.596747752497688, 26.419689627245813, 39.698866482558415, 14.866068747318506, 25.079872407968907, 31.144823004794873, 33.734255586866, 30.083217912982647, 32.7566787083184, 32.01562118716424, 10.770329614269007, 0, 3.0, 31.016124838541646], [35.90264614203248, 20.09975124224178, 26.076809620810597, 28.0178514522438, 41.72529209005013, 17.029386365926403, 28.071337695236398, 33.24154027718932, 36.6742416417845, 31.304951684997057, 33.52610922848042, 32.89376840679705, 13.601470508735444, 3.0, 0, 32.202484376209235], [29.698484809834994, 18.35755975068582, 7.0, 6.324555320336759, 15.033296378372908, 18.027756377319946, 34.0147027033899, 11.661903789690601, 31.11269837220809, 1.0, 5.0, 3.605551275463989, 25.019992006393608, 31.016124838541646, 32.202484376209235, 0]]