[[0, 22.090722034374522, 7.615773105863909, 18.0], [22.090722034374522, 0, 15.811388300841896, 4.47213595499958], [7.615773105863909, 15.811388300841896, 0, 11.40175425099138], [18.0, 4.47213595499958, 11.40175425099138, 0]]
[[0, 20.615528128088304, 7.810249675906654, 13.601470508735444], [20.615528128088304, 0, 17.204650534085253, 33.015148038438355], [7.810249675906654, 17.204650534085253, 0, 21.02379604162864], [13.601470508735444, 33.015148038438355, 21.02379604162864, 0]]
[[0, 18.027756377319946, 25.495097567963924, 15.620499351813308], [18.027756377319946, 0, 13.601470508735444, 5.385164807134504], [25.495097567963924, 13.601470508735444, 0, 11.045361017187261], [15.620499351813308, 5.385164807134504, 11.045361017187261, 0]]
[[0, 23.194827009486403, 14.7648230602334, 11.0], [23.194827009486403, 0, 31.622776601683793, 12.36931687685298], [14.7648230602334, 31.622776601683793, 0, 22.20360331117452], [11.0, 12.36931687685298, 22.20360331117452, 0]]
[[0, 12.165525060596439, 21.400934559032695, 16.401219466856727], [12.165525060596439, 0, 12.083045973594572, 15.132745950421556], [21.400934559032695, 12.083045973594572, 0, 26.92582403567252], [16.401219466856727, 15.132745950421556, 26.92582403567252, 0]]
[[0, 13.892443989449804, 28.319604517012593, 20.223748416156685], [13.892443989449804, 0, 28.861739379323623, 12.806248474865697], [28.319604517012593, 28.861739379323623, 0, 18.027756377319946], [20.223748416156685, 12.806248474865697, 18.027756377319946, 0]]
[[0, 12.649110640673518, 21.37755832643195, 13.416407864998739], [12.649110640673518, 0, 26.248809496813376, 2.0], [21.37755832643195, 26.248809496813376, 0, 28.160255680657446], [13.416407864998739, 2.0, 28.160255680657446, 0]]
[[0, 10.63014581273465, 26.019223662515376, 19.209372712298546], [10.63014581273465, 0, 19.697715603592208, 22.360679774997898], [26.019223662515376, 19.697715603592208, 0, 19.79898987322333], [19.209372712298546, 22.360679774997898, 19.79898987322333, 0]]
[[0, 15.620499351813308, 16.0312195418814, 22.825424421026653], [15.620499351813308, 0, 30.083217912982647, 32.01562118716424], [16.0312195418814, 30.083217912982647, 0, 12.649110640673518], [22.825424421026653, 32.01562118716424, 12.649110640673518, 0]]
[[0, 18.027756377319946, 17.26267650163207, 31.78049716414141], [18.027756377319946, 0, 22.825424421026653, 13.892443989449804], [17.26267650163207, 22.825424421026653, 0, 32.2490309931942], [31.78049716414141, 13.892443989449804, 32.2490309931942, 0]]
