[[0, 12.165525060596439, 28.653097563788805, 19.4164878389476, 25.495097567963924, 21.095023109728988, 19.026297590440446, 25.495097567963924], [12.165525060596439, 0, 23.08679276123039, 7.280109889280518, 24.041630560342615, 21.470910553583888, 21.400934559032695, 17.029386365926403], [28.653097563788805, 23.08679276123039, 0, 21.587033144922902, 9.0, 12.649110640673518, 16.15549442140351, 37.107950630558946], [19.4164878389476, 7.280109889280518, 21.587033144922902, 0, 25.238858928247925, 24.041630560342615, 25.0, 15.524174696260024], [25.495097567963924, 24.041630560342615, 9.0, 25.238858928247925, 0, 5.0, 8.48528137423857, 40.24922359499622], [21.095023109728988, 21.470910553583888, 12.649110640673518, 24.041630560342615, 5.0, 0, 3.605551275463989, 38.27531841800928], [19.026297590440446, 21.400934559032695, 16.15549442140351, 25.0, 8.48528137423857, 3.605551275463989, 0, 38.41874542459709], [25.495097567963924, 17.029386365926403, 37.107950630558946, 15.524174696260024, 40.24922359499622, 38.27531841800928, 38.41874542459709, 0]]