[[0, 13.0, 8.54400374531753, 26.248809496813376, 21.400934559032695, 12.041594578792296, 25.0, 27.018512172212592, 22.20360331117452, 26.019223662515376, 12.649110640673518, 6.708203932499369, 17.0, 5.0, 4.123105625617661, 9.848857801796104, 16.1245154965971, 23.40939982143925], [13.0, 0, 9.486832980505138, 36.05551275463989, 33.301651610693426, 6.0, 36.796738985948195, 39.20459156782532, 33.97057550292606, 38.47076812334269, 25.632011235952593, 14.212670403551895, 27.16615541441225, 15.620499351813308, 13.038404810405298, 21.2602916254693, 9.848857801796104, 33.60059523282288], [8.54400374531753, 9.486832980505138, 0, 34.785054261852174, 29.68164415931166, 12.727922061357855, 33.28663395418648, 30.805843601498726, 30.528675044947494, 30.364452901377952, 19.209372712298546, 14.0, 18.0, 13.341664064126334, 5.656854249492381, 18.384776310850235, 7.810249675906654, 31.953090617340916], [26.248809496813376, 36.05551275463989, 34.785054261852174, 0, 9.433981132056603, 31.240998703626616, 8.602325267042627, 32.202484376209235, 8.602325267042627, 30.0, 21.37755832643195, 21.95449840010015, 33.734255586866, 21.540659228538015, 29.832867780352597, 16.492422502470642, 42.15447781671598, 3.0], [21.400934559032695, 33.301651610693426, 29.68164415931166, 9.433981132056603, 0, 29.68164415931166, 3.605551275463989, 22.80350850198276, 1.0, 20.615528128088304, 13.038404810405298, 19.4164878389476, 25.079872407968907, 17.69180601295413, 24.186773244895647, 12.041594578792296, 37.44329045369811, 7.0710678118654755], [12.041594578792296, 6.0, 12.727922061357855, 31.240998703626616, 29.68164415931166, 0, 33.015148038438355, 39.05124837953327, 30.23243291566195, 38.0, 24.186773244895647, 10.295630140987, 28.460498941515414, 12.649110640673518, 13.92838827718412, 17.88854381999832, 15.524174696260024, 29.0], [25.0, 36.796738985948195, 33.28663395418648, 8.602325267042627, 3.605551275463989, 33.015148038438355, 0, 24.186773244895647, 2.8284271247461903, 21.95449840010015, 16.278820596099706, 22.80350850198276, 28.0, 21.213203435596427, 27.784887978899608, 15.556349186104045, 41.048751503547585, 7.280109889280518], [27.018512172212592, 39.20459156782532, 30.805843601498726, 32.202484376209235, 22.80350850198276, 39.05124837953327, 24.186773244895647, 0, 23.600847442411894, 2.23606797749979, 15.811388300841896, 30.805843601498726, 13.892443989449804, 27.65863337187866, 26.1725046566048, 25.079872407968907, 37.33630940518894, 29.832867780352597], [22.20360331117452, 33.97057550292606, 30.528675044947494, 8.602325267042627, 1.0, 30.23243291566195, 2.8284271247461903, 23.600847442411894, 0, 21.400934559032695, 14.035668847618199, 20.0, 26.076809620810597, 18.384776310850235, 25.059928172283335, 12.727922061357855, 38.27531841800928, 6.4031242374328485], [26.019223662515376, 38.47076812334269, 30.364452901377952, 30.0, 20.615528128088304, 38.0, 21.95449840010015, 2.23606797749979, 21.400934559032695, 0, 14.317821063276353, 29.427877939124322, 14.212670403551895, 26.30589287593181, 25.495097567963924, 23.40939982143925, 37.16180835212409, 27.65863337187866], [12.649110640673518, 25.632011235952593, 19.209372712298546, 21.37755832643195, 13.038404810405298, 24.186773244895647, 16.278820596099706, 15.811388300841896, 14.035668847618199, 14.317821063276353, 0, 15.132745950421556, 12.36931687685298, 12.041594578792296, 13.601470508735444, 9.433981132056603, 26.90724809414742, 18.439088914585774], [6.708203932499369, 14.212670403551895, 14.0, 21.95449840010015, 19.4164878389476, 10.295630140987, 22.80350850198276, 30.805843601498726, 20.0, 29.427877939124322, 15.132745950421556, 0, 22.80350850198276, 3.1622776601683795, 10.770329614269007, 7.615773105863909, 20.615528128088304, 19.4164878389476], [17.0, 27.16615541441225, 18.0, 33.734255586866, 25.079872407968907, 28.460498941515414, 28.0, 13.892443989449804, 26.076809620810597, 14.212670403551895, 12.36931687685298, 22.80350850198276, 0, 19.849433241279208, 14.560219778561036, 20.248456731316587, 23.769728648009426, 30.805843601498726], [5.0, 15.620499351813308, 13.341664064126334, 21.540659228538015, 17.69180601295413, 12.649110640673518, 21.213203435596427, 27.65863337187866, 18.384776310850235, 26.30589287593181, 12.041594578792296, 3.1622776601683795, 19.849433241279208, 0, 9.055385138137417, 5.656854249492381, 20.615528128088304, 18.788294228055936], [4.123105625617661, 13.038404810405298, 5.656854249492381, 29.832867780352597, 24.186773244895647, 13.92838827718412, 27.784887978899608, 26.1725046566048, 25.059928172283335, 25.495097567963924, 13.601470508735444, 10.770329614269007, 14.560219778561036, 9.055385138137417, 0, 13.341664064126334, 13.45362404707371, 26.92582403567252], [9.848857801796104, 21.2602916254693, 18.384776310850235, 16.492422502470642, 12.041594578792296, 17.88854381999832, 15.556349186104045, 25.079872407968907, 12.727922061357855, 23.40939982143925, 9.433981132056603, 7.615773105863909, 20.248456731316587, 5.656854249492381, 13.341664064126334, 0, 25.942243542145693, 13.601470508735444], [16.1245154965971, 9.848857801796104, 7.810249675906654, 42.15447781671598, 37.44329045369811, 15.524174696260024, 41.048751503547585, 37.33630940518894, 38.27531841800928, 37.16180835212409, 26.90724809414742, 20.615528128088304, 23.769728648009426, 20.615528128088304, 13.45362404707371, 25.942243542145693, 0, 39.395431207184416], [23.40939982143925, 33.60059523282288, 31.953090617340916, 3.0, 7.0710678118654755, 29.0, 7.280109889280518, 29.832867780352597, 6.4031242374328485, 27.65863337187866, 18.439088914585774, 19.4164878389476, 30.805843601498726, 18.788294228055936, 26.92582403567252, 13.601470508735444, 39.395431207184416, 0]]