[[0, 23.53720459187964, 28.284271247461902, 31.144823004794873, 31.144823004794873, 44.553338819890925, 33.1058907144937, 28.160255680657446, 10.04987562112089, 35.84689665786984, 17.69180601295413, 28.071337695236398, 29.832867780352597, 5.0, 28.0, 25.709920264364882, 21.0, 9.219544457292887], [23.53720459187964, 0, 15.297058540778355, 8.246211251235321, 11.313708498984761, 28.160255680657446, 26.570660511172846, 34.713109915419565, 24.515301344262525, 13.45362404707371, 12.206555615733702, 5.830951894845301, 18.439088914585774, 20.024984394500787, 32.526911934581186, 11.180339887498949, 28.0178514522438, 17.11724276862369], [28.284271247461902, 15.297058540778355, 0, 20.248456731316587, 25.495097567963924, 16.278820596099706, 11.661903789690601, 24.351591323771842, 23.259406699226016, 14.317821063276353, 10.63014581273465, 19.697715603592208, 3.1622776601683795, 23.345235059857504, 21.540659228538015, 26.476404589747453, 20.024984394500787, 19.1049731745428], [31.144823004794873, 8.246211251235321, 20.248456731316587, 0, 6.0, 29.0, 31.906112267087632, 42.20189569201838, 32.7566787083184, 11.180339887498949, 20.12461179749811, 3.1622776601683795, 23.323807579381203, 28.0178514522438, 39.824615503479755, 10.816653826391969, 35.84689665786984, 25.317977802344327], [31.144823004794873, 11.313708498984761, 25.495097567963924, 6.0, 0, 35.0, 37.12142238654117, 46.010868281309364, 34.539832078341085, 17.11724276862369, 23.430749027719962, 5.830951894845301, 28.635642126552707, 28.861739379323623, 43.840620433565945, 6.708203932499369, 39.20459156782532, 26.92582403567252], [44.553338819890925, 28.160255680657446, 16.278820596099706, 29.0, 35.0, 0, 17.11724276862369, 34.23448553724738, 38.8329756778952, 18.110770276274835, 26.90724809414742, 30.14962686336267, 15.0, 39.59797974644666, 31.25699921617557, 38.47076812334269, 32.89376840679705, 35.35533905932738], [33.1058907144937, 26.570660511172846, 11.661903789690601, 31.906112267087632, 37.12142238654117, 17.11724276862369, 0, 17.11724276862369, 25.0, 24.839484696748443, 18.027756377319946, 31.304951684997057, 8.602325267042627, 28.231188426986208, 14.142135623730951, 37.64306044943742, 16.64331697709324, 24.351591323771842], [28.160255680657446, 34.713109915419565, 24.351591323771842, 42.20189569201838, 46.010868281309364, 34.23448553724738, 17.11724276862369, 0, 18.110770276274835, 38.62641583165593, 22.627416997969522, 40.45985664828782, 22.561028345356956, 24.73863375370596, 3.0, 44.04543109109048, 7.615773105863909, 22.847319317591726], [10.04987562112089, 24.515301344262525, 23.259406699226016, 32.7566787083184, 34.539832078341085, 38.8329756778952, 25.0, 18.110770276274835, 0, 34.23448553724738, 14.142135623730951, 30.083217912982647, 23.853720883753127, 7.211102550927978, 18.027756377319946, 30.528675044947494, 11.045361017187261, 7.615773105863909], [35.84689665786984, 13.45362404707371, 14.317821063276353, 11.180339887498949, 17.11724276862369, 18.110770276274835, 24.839484696748443, 38.62641583165593, 34.23448553724738, 0, 20.09975124224178, 13.0, 16.64331697709324, 31.622776601683793, 35.84689665786984, 21.540659228538015, 33.734255586866, 27.892651361962706], [17.69180601295413, 12.206555615733702, 10.63014581273465, 20.12461179749811, 23.430749027719962, 26.90724809414742, 18.027756377319946, 22.627416997969522, 14.142135623730951, 20.09975124224178, 0, 18.027756377319946, 12.529964086141668, 12.806248474865697, 20.615528128088304, 21.633307652783937, 15.811388300841896, 8.602325267042627], [28.071337695236398, 5.830951894845301, 19.697715603592208, 3.1622776601683795, 5.830951894845301, 30.14962686336267, 31.304951684997057, 40.45985664828782, 30.083217912982647, 13.0, 18.027756377319946, 0, 22.847319317591726, 25.079872407968907, 38.2099463490856, 8.54400374531753, 33.83784863137726, 22.561028345356956], [29.832867780352597, 18.439088914585774, 3.1622776601683795, 23.323807579381203, 28.635642126552707, 15.0, 8.602325267042627, 22.561028345356956, 23.853720883753127, 16.64331697709324, 12.529964086141668, 22.847319317591726, 0, 24.839484696748443, 19.6468827043885, 29.614185789921695, 19.1049731745428, 20.615528128088304], [5.0, 20.024984394500787, 23.345235059857504, 28.0178514522438, 28.861739379323623, 39.59797974644666, 28.231188426986208, 24.73863375370596, 7.211102550927978, 31.622776601683793, 12.806248474865697, 25.079872407968907, 24.839484696748443, 0, 24.186773244895647, 24.166091947189145, 17.26267650163207, 4.242640687119285], [28.0, 32.526911934581186, 21.540659228538015, 39.824615503479755, 43.840620433565945, 31.25699921617557, 14.142135623730951, 3.0, 18.027756377319946, 35.84689665786984, 20.615528128088304, 38.2099463490856, 19.6468827043885, 24.186773244895647, 0, 42.20189569201838, 7.0, 21.840329667841555], [25.709920264364882, 11.180339887498949, 26.476404589747453, 10.816653826391969, 6.708203932499369, 38.47076812334269, 37.64306044943742, 44.04543109109048, 30.528675044947494, 21.540659228538015, 21.633307652783937, 8.54400374531753, 29.614185789921695, 24.166091947189145, 42.20189569201838, 0, 36.796738985948195, 23.021728866442675], [21.0, 28.0178514522438, 20.024984394500787, 35.84689665786984, 39.20459156782532, 32.89376840679705, 16.64331697709324, 7.615773105863909, 11.045361017187261, 33.734255586866, 15.811388300841896, 33.83784863137726, 19.1049731745428, 17.26267650163207, 7.0, 36.796738985948195, 0, 15.231546211727817], [9.219544457292887, 17.11724276862369, 19.1049731745428, 25.317977802344327, 26.92582403567252, 35.35533905932738, 24.351591323771842, 22.847319317591726, 7.615773105863909, 27.892651361962706, 8.602325267042627, 22.561028345356956, 20.615528128088304, 4.242640687119285, 21.840329667841555, 23.021728866442675, 15.231546211727817, 0]]
[[0, 21.633307652783937, 11.704699910719626, 17.46424919657298, 19.697715603592208, 3.605551275463989, 13.892443989449804, 20.615528128088304, 24.041630560342615, 10.0, 13.0, 12.083045973594572, 25.495097567963924, 27.018512172212592, 12.649110640673518, 15.652475842498529, 10.04987562112089, 25.45584412271571], [21.633307652783937, 0, 10.63014581273465, 38.48376280978771, 11.661903789690601, 18.027756377319946, 7.810249675906654, 26.92582403567252, 35.35533905932738, 28.42534080710379, 27.294688127912362, 13.038404810405298, 13.038404810405298, 9.055385138137417, 34.0, 32.38826948140329, 19.1049731745428, 6.0], [11.704699910719626, 10.63014581273465, 0, 29.120439557122072, 14.317821063276353, 8.246211251235321, 3.1622776601683795, 24.20743687382041, 30.870698080866262, 17.804493814764857, 17.08800749063506, 9.219544457292887, 19.0, 18.027756377319946, 24.351591323771842, 25.179356624028344, 13.416407864998739, 15.652475842498529], [17.46424919657298, 38.48376280978771, 29.120439557122072, 0, 33.301651610693426, 20.8806130178211, 31.016124838541646, 24.698178070456937, 21.0, 18.027756377319946, 23.40939982143925, 26.627053911388696, 38.897300677553446, 42.20189569201838, 5.0, 11.40175425099138, 21.2602916254693, 41.340053217188775], [19.697715603592208, 11.661903789690601, 14.317821063276353, 33.301651610693426, 0, 16.76305461424021, 11.704699910719626, 16.0312195418814, 25.019992006393608, 29.120439557122072, 30.14962686336267, 7.615773105863909, 5.830951894845301, 9.486832980505138, 29.732137494637012, 24.596747752497688, 12.041594578792296, 10.0], [3.605551275463989, 18.027756377319946, 8.246211251235321, 20.8806130178211, 16.76305461424021, 0, 10.295630140987, 20.248456731316587, 25.0, 12.36931687685298, 14.142135623730951, 9.219544457292887, 22.47220505424423, 23.600847442411894, 16.15549442140351, 17.72004514666935, 8.94427190999916, 21.93171219946131], [13.892443989449804, 7.810249675906654, 3.1622776601683795, 31.016124838541646, 11.704699910719626, 10.295630140987, 0, 23.323807579381203, 30.675723300355934, 20.808652046684813, 20.248456731316587, 8.06225774829855, 16.0312195418814, 14.866068747318506, 26.40075756488817, 26.0, 13.341664064126334, 12.529964086141668], [20.615528128088304, 26.92582403567252, 24.20743687382041, 24.698178070456937, 16.0312195418814, 20.248456731316587, 23.323807579381203, 0, 9.219544457292887, 30.083217912982647, 33.61547262794322, 15.264337522473747, 19.4164878389476, 25.079872407968907, 23.345235059857504, 13.416407864998739, 11.40175425099138, 26.019223662515376], [24.041630560342615, 35.35533905932738, 30.870698080866262, 21.0, 25.019992006393608, 25.0, 30.675723300355934, 9.219544457292887, 0, 31.906112267087632, 36.40054944640259, 22.80350850198276, 28.635642126552707, 34.23448553724738, 21.587033144922902, 10.44030650891055, 17.46424919657298, 35.014282800023196], [10.0, 28.42534080710379, 17.804493814764857, 18.027756377319946, 29.120439557122072, 12.36931687685298, 20.808652046684813, 30.083217912982647, 31.906112267087632, 0, 5.385164807134504, 21.587033144922902, 34.785054261852174, 35.35533905932738, 13.416407864998739, 22.02271554554524, 20.024984394500787, 33.28663395418648], [13.0, 27.294688127912362, 17.08800749063506, 23.40939982143925, 30.14962686336267, 14.142135623730951, 20.248456731316587, 33.61547262794322, 36.40054944640259, 5.385164807134504, 0, 23.0, 35.510561809129406, 35.11409973215888, 18.788294228055936, 26.870057685088806, 22.80350850198276, 32.69556544854363], [12.083045973594572, 13.038404810405298, 9.219544457292887, 26.627053911388696, 7.615773105863909, 9.219544457292887, 8.06225774829855, 15.264337522473747, 22.80350850198276, 21.587033144922902, 23.0, 0, 13.416407864998739, 15.620499351813308, 22.67156809750927, 19.4164878389476, 6.082762530298219, 14.7648230602334], [25.495097567963924, 13.038404810405298, 19.0, 38.897300677553446, 5.830951894845301, 22.47220505424423, 16.0312195418814, 19.4164878389476, 28.635642126552707, 34.785054261852174, 35.510561809129406, 13.416407864998739, 0, 6.324555320336759, 35.4682957019364, 29.68164415931166, 17.69180601295413, 8.602325267042627], [27.018512172212592, 9.055385138137417, 18.027756377319946, 42.20189569201838, 9.486832980505138, 23.600847442411894, 14.866068747318506, 25.079872407968907, 34.23448553724738, 35.35533905932738, 35.11409973215888, 15.620499351813308, 6.324555320336759, 0, 38.28837943815329, 34.0147027033899, 21.095023109728988, 3.1622776601683795], [12.649110640673518, 34.0, 24.351591323771842, 5.0, 29.732137494637012, 16.15549442140351, 26.40075756488817, 23.345235059857504, 21.587033144922902, 13.416407864998739, 18.788294228055936, 22.67156809750927, 35.4682957019364, 38.28837943815329, 0, 11.180339887498949, 17.804493814764857, 37.20215047547655], [15.652475842498529, 32.38826948140329, 25.179356624028344, 11.40175425099138, 24.596747752497688, 17.72004514666935, 26.0, 13.416407864998739, 10.44030650891055, 22.02271554554524, 26.870057685088806, 19.4164878389476, 29.68164415931166, 34.0147027033899, 11.180339887498949, 0, 13.341664064126334, 33.83784863137726], [10.04987562112089, 19.1049731745428, 13.416407864998739, 21.2602916254693, 12.041594578792296, 8.94427190999916, 13.341664064126334, 11.40175425099138, 17.46424919657298, 20.024984394500787, 22.80350850198276, 6.082762530298219, 17.69180601295413, 21.095023109728988, 17.804493814764857, 13.341664064126334, 0, 20.615528128088304], [25.45584412271571, 6.0, 15.652475842498529, 41.340053217188775, 10.0, 21.93171219946131, 12.529964086141668, 26.019223662515376, 35.014282800023196, 33.28663395418648, 32.69556544854363, 14.7648230602334, 8.602325267042627, 3.1622776601683795, 37.20215047547655, 33.83784863137726, 20.615528128088304, 0]]
[[0, 15.652475842498529, 23.021728866442675, 26.92582403567252, 1.4142135623730951, 34.17601498127012, 3.605551275463989, 19.0, 33.61547262794322, 18.788294228055936, 11.180339887498949, 3.605551275463989, 21.95449840010015, 37.57658845611187, 36.6742416417845, 31.38470965295043, 30.870698080866262, 36.61966684720111], [15.652475842498529, 0, 12.041594578792296, 18.439088914585774, 14.317821063276353, 26.1725046566048, 16.492422502470642, 29.5296461204668, 28.30194339616981, 15.297058540778355, 24.08318915758459, 12.083045973594572, 26.1725046566048, 30.479501308256342, 22.0, 15.811388300841896, 15.231546211727817, 32.2490309931942], [23.021728866442675, 12.041594578792296, 0, 6.708203932499369, 22.090722034374522, 14.212670403551895, 25.317977802344327, 29.206163733020468, 17.08800749063506, 9.219544457292887, 26.92582403567252, 20.223748416156685, 21.633307652783937, 18.601075237738275, 15.264337522473747, 14.317821063276353, 14.866068747318506, 21.18962010041709], [26.92582403567252, 18.439088914585774, 6.708203932499369, 0, 26.248809496813376, 7.810249675906654, 29.732137494637012, 28.635642126552707, 10.44030650891055, 9.055385138137417, 28.284271247461902, 24.698178070456937, 19.209372712298546, 12.041594578792296, 17.204650534085253, 19.235384061671343, 20.09975124224178, 14.560219778561036], [1.4142135623730951, 14.317821063276353, 22.090722034374522, 26.248809496813376, 0, 33.61547262794322, 3.605551275463989, 20.024984394500787, 33.28663395418648, 18.35755975068582, 12.36931687685298, 2.23606797749979, 22.360679774997898, 37.12142238654117, 35.510561809129406, 30.083217912982647, 29.546573405388315, 36.40054944640259], [34.17601498127012, 26.1725046566048, 14.212670403551895, 7.810249675906654, 33.61547262794322, 0, 37.16180835212409, 32.7566787083184, 5.830951894845301, 15.524174696260024, 34.0147027033899, 32.202484376209235, 22.135943621178654, 4.47213595499958, 19.4164878389476, 24.186773244895647, 25.317977802344327, 9.219544457292887], [3.605551275463989, 16.492422502470642, 25.317977802344327, 29.732137494637012, 3.605551275463989, 37.16180835212409, 0, 22.090722034374522, 36.89173349139343, 21.95449840010015, 14.0, 5.0990195135927845, 25.553864678361276, 40.70626487409524, 38.2099463490856, 32.28002478313795, 31.622776601683793, 40.0], [19.0, 29.5296461204668, 29.206163733020468, 28.635642126552707, 20.024984394500787, 32.7566787083184, 22.090722034374522, 0, 29.068883707497267, 20.248456731316587, 8.246211251235321, 21.213203435596427, 11.0, 34.132096331752024, 44.40720662234904, 42.44997055358225, 42.5205832509386, 30.066592756745816], [33.61547262794322, 28.30194339616981, 17.08800749063506, 10.44030650891055, 33.28663395418648, 5.830951894845301, 36.89173349139343, 29.068883707497267, 0, 15.0, 31.575306807693888, 32.202484376209235, 18.110770276274835, 5.0990195135927845, 25.0, 29.0, 30.01666203960727, 4.123105625617661], [18.788294228055936, 15.297058540778355, 9.219544457292887, 9.055385138137417, 18.35755975068582, 15.524174696260024, 21.95449840010015, 20.248456731316587, 15.0, 0, 19.235384061671343, 17.204650534085253, 12.529964086141668, 18.788294228055936, 24.20743687382041, 23.323807579381203, 23.706539182259394, 18.384776310850235], [11.180339887498949, 24.08318915758459, 26.92582403567252, 28.284271247461902, 12.36931687685298, 34.0147027033899, 14.0, 8.246211251235321, 31.575306807693888, 19.235384061671343, 0, 13.92838827718412, 15.264337522473747, 36.345563690772494, 42.04759208325728, 38.600518131237564, 38.41874542459709, 33.52610922848042], [3.605551275463989, 12.083045973594572, 20.223748416156685, 24.698178070456937, 2.23606797749979, 32.202484376209235, 5.0990195135927845, 21.213203435596427, 32.202484376209235, 17.204650534085253, 13.92838827718412, 0, 22.47220505424423, 35.84689665786984, 33.37663853655727, 27.85677655436824, 27.313000567495326, 35.4682957019364], [21.95449840010015, 26.1725046566048, 21.633307652783937, 19.209372712298546, 22.360679774997898, 22.135943621178654, 25.553864678361276, 11.0, 18.110770276274835, 12.529964086141668, 15.264337522473747, 22.47220505424423, 0, 23.194827009486403, 36.069377593742864, 35.84689665786984, 36.235341863986875, 19.1049731745428], [37.57658845611187, 30.479501308256342, 18.601075237738275, 12.041594578792296, 37.12142238654117, 4.47213595499958, 40.70626487409524, 34.132096331752024, 5.0990195135927845, 18.788294228055936, 36.345563690772494, 35.84689665786984, 23.194827009486403, 0, 23.08679276123039, 28.442925306655784, 29.614185789921695, 6.4031242374328485], [36.6742416417845, 22.0, 15.264337522473747, 17.204650534085253, 35.510561809129406, 19.4164878389476, 38.2099463490856, 44.40720662234904, 25.0, 24.20743687382041, 42.04759208325728, 33.37663853655727, 36.069377593742864, 23.08679276123039, 0, 8.602325267042627, 10.0, 28.635642126552707], [31.38470965295043, 15.811388300841896, 14.317821063276353, 19.235384061671343, 30.083217912982647, 24.186773244895647, 32.28002478313795, 42.44997055358225, 29.0, 23.323807579381203, 38.600518131237564, 27.85677655436824, 35.84689665786984, 28.442925306655784, 8.602325267042627, 0, 1.4142135623730951, 33.015148038438355], [30.870698080866262, 15.231546211727817, 14.866068747318506, 20.09975124224178, 29.546573405388315, 25.317977802344327, 31.622776601683793, 42.5205832509386, 30.01666203960727, 23.706539182259394, 38.41874542459709, 27.313000567495326, 36.235341863986875, 29.614185789921695, 10.0, 1.4142135623730951, 0, 34.058772731852805], [36.61966684720111, 32.2490309931942, 21.18962010041709, 14.560219778561036, 36.40054944640259, 9.219544457292887, 40.0, 30.066592756745816, 4.123105625617661, 18.384776310850235, 33.52610922848042, 35.4682957019364, 19.1049731745428, 6.4031242374328485, 28.635642126552707, 33.015148038438355, 34.058772731852805, 0]]
[[0, 42.20189569201838, 34.0147027033899, 4.123105625617661, 27.51363298439521, 13.601470508735444, 22.825424421026653, 18.788294228055936, 20.0, 14.317821063276353, 23.194827009486403, 3.605551275463989, 26.627053911388696, 17.26267650163207, 8.06225774829855, 24.758836806279895, 19.4164878389476, 5.385164807134504], [42.20189569201838, 0, 26.0, 39.11521443121589, 34.92849839314596, 39.84971769034255, 19.79898987322333, 27.202941017470888, 23.769728648009426, 38.600518131237564, 30.083217912982647, 42.5205832509386, 15.620499351813308, 32.01562118716424, 49.678969393496885, 18.384776310850235, 25.80697580112788, 43.86342439892262], [34.0147027033899, 26.0, 0, 33.37663853655727, 11.313708498984761, 40.496913462633174, 18.439088914585774, 31.622776601683793, 27.80287754891569, 39.92492955535426, 11.180339887498949, 32.0624390837628, 20.0, 35.84689665786984, 38.47076812334269, 25.495097567963924, 15.811388300841896, 32.2490309931942], [4.123105625617661, 39.11521443121589, 33.37663853655727, 0, 28.178005607210743, 10.295630140987, 20.248456731316587, 14.7648230602334, 16.278820596099706, 10.770329614269007, 23.08679276123039, 7.0710678118654755, 23.706539182259394, 13.152946437965905, 12.083045973594572, 21.2602916254693, 18.0, 9.055385138137417], [27.51363298439521, 34.92849839314596, 11.313708498984761, 28.178005607210743, 0, 37.20215047547655, 20.8806130178211, 31.622776601683793, 28.653097563788805, 37.013511046643494, 6.708203932499369, 24.73863375370596, 24.331050121192877, 34.713109915419565, 30.066592756745816, 28.460498941515414, 14.7648230602334, 24.331050121192877], [13.601470508735444, 39.84971769034255, 40.496913462633174, 10.295630140987, 37.20215047547655, 0, 24.08318915758459, 12.649110640673518, 16.278820596099706, 1.4142135623730951, 31.38470965295043, 17.08800749063506, 26.076809620810597, 8.06225774829855, 20.0, 21.587033144922902, 24.698178070456937, 18.973665961010276], [22.825424421026653, 19.79898987322333, 18.439088914585774, 20.248456731316587, 20.8806130178211, 24.08318915758459, 0, 13.416407864998739, 9.433981132056603, 23.194827009486403, 14.317821063276353, 22.80350850198276, 4.47213595499958, 18.027756377319946, 30.0, 7.615773105863909, 7.0710678118654755, 24.08318915758459], [18.788294228055936, 27.202941017470888, 31.622776601683793, 14.7648230602334, 31.622776601683793, 12.649110640673518, 13.416407864998739, 0, 4.123105625617661, 11.40175425099138, 25.0, 20.8806130178211, 14.142135623730951, 5.0, 26.832815729997478, 9.055385138137417, 17.029386365926403, 22.80350850198276], [20.0, 23.769728648009426, 27.80287754891569, 16.278820596099706, 28.653097563788805, 16.278820596099706, 9.433981132056603, 4.123105625617661, 0, 15.132745950421556, 21.95449840010015, 21.470910553583888, 10.04987562112089, 9.055385138137417, 28.0178514522438, 5.385164807134504, 13.892443989449804, 23.259406699226016], [14.317821063276353, 38.600518131237564, 39.92492955535426, 10.770329614269007, 37.013511046643494, 1.4142135623730951, 23.194827009486403, 11.40175425099138, 15.132745950421556, 0, 31.064449134018133, 17.72004514666935, 25.019992006393608, 6.708203932499369, 21.02379604162864, 20.396078054371138, 24.166091947189145, 19.6468827043885], [23.194827009486403, 30.083217912982647, 11.180339887498949, 23.08679276123039, 6.708203932499369, 31.38470965295043, 14.317821063276353, 25.0, 21.95449840010015, 31.064449134018133, 0, 21.0, 18.027756377319946, 28.284271247461902, 27.294688127912362, 21.840329667841555, 8.06225774829855, 21.095023109728988], [3.605551275463989, 42.5205832509386, 32.0624390837628, 7.0710678118654755, 24.73863375370596, 17.08800749063506, 22.80350850198276, 20.8806130178211, 21.470910553583888, 17.72004514666935, 21.0, 0, 26.90724809414742, 20.024984394500787, 7.211102550927978, 25.80697580112788, 18.384776310850235, 2.0], [26.627053911388696, 15.620499351813308, 20.0, 23.706539182259394, 24.331050121192877, 26.076809620810597, 4.47213595499958, 14.142135623730951, 10.04987562112089, 25.019992006393608, 18.027756377319946, 26.90724809414742, 0, 19.1049731745428, 34.058772731852805, 5.830951894845301, 11.40175425099138, 28.284271247461902], [17.26267650163207, 32.01562118716424, 35.84689665786984, 13.152946437965905, 34.713109915419565, 8.06225774829855, 18.027756377319946, 5.0, 9.055385138137417, 6.708203932499369, 28.284271247461902, 20.024984394500787, 19.1049731745428, 0, 25.0, 14.035668847618199, 20.615528128088304, 22.02271554554524], [8.06225774829855, 49.678969393496885, 38.47076812334269, 12.083045973594572, 30.066592756745816, 20.0, 30.0, 26.832815729997478, 28.0178514522438, 21.02379604162864, 27.294688127912362, 7.211102550927978, 34.058772731852805, 25.0, 0, 32.64965543462902, 25.495097567963924, 6.324555320336759], [24.758836806279895, 18.384776310850235, 25.495097567963924, 21.2602916254693, 28.460498941515414, 21.587033144922902, 7.615773105863909, 9.055385138137417, 5.385164807134504, 20.396078054371138, 21.840329667841555, 25.80697580112788, 5.830951894845301, 14.035668847618199, 32.64965543462902, 0, 14.142135623730951, 27.459060435491963], [19.4164878389476, 25.80697580112788, 15.811388300841896, 18.0, 14.7648230602334, 24.698178070456937, 7.0710678118654755, 17.029386365926403, 13.892443989449804, 24.166091947189145, 8.06225774829855, 18.384776310850235, 11.40175425099138, 20.615528128088304, 25.495097567963924, 14.142135623730951, 0, 19.235384061671343], [5.385164807134504, 43.86342439892262, 32.2490309931942, 9.055385138137417, 24.331050121192877, 18.973665961010276, 24.08318915758459, 22.80350850198276, 23.259406699226016, 19.6468827043885, 21.095023109728988, 2.0, 28.284271247461902, 22.02271554554524, 6.324555320336759, 27.459060435491963, 19.235384061671343, 0]]
[[0, 10.63014581273465, 5.0990195135927845, 20.248456731316587, 17.0, 13.92838827718412, 16.76305461424021, 19.209372712298546, 13.892443989449804, 19.79898987322333, 15.524174696260024, 19.4164878389476, 12.041594578792296, 17.46424919657298, 20.808652046684813, 13.416407864998739, 11.661903789690601, 19.697715603592208], [10.63014581273465, 0, 13.892443989449804, 30.805843601498726, 27.459060435491963, 24.186773244895647, 15.811388300841896, 29.732137494637012, 5.0990195135927845, 9.219544457292887, 7.615773105863909, 29.832867780352597, 20.248456731316587, 27.459060435491963, 10.770329614269007, 20.024984394500787, 3.605551275463989, 19.4164878389476], [5.0990195135927845, 13.892443989449804, 0, 18.973665961010276, 16.278820596099706, 14.0, 21.840329667841555, 16.401219466856727, 18.027756377319946, 23.021728866442675, 16.64331697709324, 16.278820596099706, 7.0, 13.601470508735444, 24.596747752497688, 17.029386365926403, 15.811388300841896, 24.698178070456937], [20.248456731316587, 30.805843601498726, 18.973665961010276, 0, 3.605551275463989, 7.211102550927978, 29.546573405388315, 6.4031242374328485, 33.24154027718932, 39.824615503479755, 35.34119409414458, 7.810249675906654, 18.027756377319946, 11.180339887498949, 40.311288741492746, 17.72004514666935, 31.144823004794873, 30.364452901377952], [17.0, 27.459060435491963, 16.278820596099706, 3.605551275463989, 0, 3.605551275463989, 26.0, 7.615773105863909, 29.732137494637012, 36.40054944640259, 32.31098884280702, 8.94427190999916, 16.492422502470642, 11.313708498984761, 36.796738985948195, 14.317821063276353, 27.65863337187866, 26.92582403567252], [13.92838827718412, 24.186773244895647, 14.0, 7.211102550927978, 3.605551275463989, 0, 22.47220505424423, 10.04987562112089, 26.248809496813376, 33.015148038438355, 29.410882339705484, 11.180339887498949, 15.652475842498529, 12.529964086141668, 33.301651610693426, 11.045361017187261, 24.20743687382041, 23.53720459187964], [16.76305461424021, 15.811388300841896, 21.840329667841555, 29.546573405388315, 26.0, 22.47220505424423, 0, 31.78049716414141, 12.649110640673518, 19.1049731745428, 23.323807579381203, 32.55764119219941, 28.635642126552707, 32.0624390837628, 17.029386365926403, 12.206555615733702, 12.529964086141668, 3.605551275463989], [19.209372712298546, 29.732137494637012, 16.401219466856727, 6.4031242374328485, 7.615773105863909, 10.04987562112089, 31.78049716414141, 0, 33.015148038438355, 38.948684188300895, 33.015148038438355, 1.4142135623730951, 13.341664064126334, 5.0990195135927845, 40.0, 21.0, 30.805843601498726, 33.24154027718932], [13.892443989449804, 5.0990195135927845, 18.027756377319946, 33.24154027718932, 29.732137494637012, 26.248809496813376, 12.649110640673518, 33.015148038438355, 0, 7.280109889280518, 11.313708498984761, 33.28663395418648, 24.73863375370596, 31.304951684997057, 7.0710678118654755, 19.924858845171276, 2.23606797749979, 16.15549442140351], [19.79898987322333, 9.219544457292887, 23.021728866442675, 39.824615503479755, 36.40054944640259, 33.015148038438355, 19.1049731745428, 38.948684188300895, 7.280109889280518, 0, 10.04987562112089, 39.05124837953327, 29.068883707497267, 36.61966684720111, 3.605551275463989, 27.202941017470888, 8.94427190999916, 22.360679774997898], [15.524174696260024, 7.615773105863909, 16.64331697709324, 35.34119409414458, 32.31098884280702, 29.410882339705484, 23.323807579381203, 33.015148038438355, 11.313708498984761, 10.04987562112089, 0, 32.802438933713454, 21.2602916254693, 29.732137494637012, 13.341664064126334, 27.073972741361768, 10.816653826391969, 26.92582403567252], [19.4164878389476, 29.832867780352597, 16.278820596099706, 7.810249675906654, 8.94427190999916, 11.180339887498949, 32.55764119219941, 1.4142135623730951, 33.28663395418648, 39.05124837953327, 32.802438933713454, 0, 12.649110640673518, 4.0, 40.22437072223753, 22.02271554554524, 31.064449134018133, 34.132096331752024], [12.041594578792296, 20.248456731316587, 7.0, 18.027756377319946, 16.492422502470642, 15.652475842498529, 28.635642126552707, 13.341664064126334, 24.73863375370596, 29.068883707497267, 21.2602916254693, 12.649110640673518, 0, 8.94427190999916, 31.016124838541646, 22.20360331117452, 22.561028345356956, 31.32091952673165], [17.46424919657298, 27.459060435491963, 13.601470508735444, 11.180339887498949, 11.313708498984761, 12.529964086141668, 32.0624390837628, 5.0990195135927845, 31.304951684997057, 36.61966684720111, 29.732137494637012, 4.0, 8.94427190999916, 0, 38.07886552931954, 22.561028345356956, 29.068883707497267, 34.0147027033899], [20.808652046684813, 10.770329614269007, 24.596747752497688, 40.311288741492746, 36.796738985948195, 33.301651610693426, 17.029386365926403, 40.0, 7.0710678118654755, 3.605551275463989, 13.341664064126334, 40.22437072223753, 31.016124838541646, 38.07886552931954, 0, 26.40075756488817, 9.219544457292887, 20.024984394500787], [13.416407864998739, 20.024984394500787, 17.029386365926403, 17.72004514666935, 14.317821063276353, 11.045361017187261, 12.206555615733702, 21.0, 19.924858845171276, 27.202941017470888, 27.073972741361768, 22.02271554554524, 22.20360331117452, 22.561028345356956, 26.40075756488817, 0, 18.439088914585774, 12.649110640673518], [11.661903789690601, 3.605551275463989, 15.811388300841896, 31.144823004794873, 27.65863337187866, 24.20743687382041, 12.529964086141668, 30.805843601498726, 2.23606797749979, 8.94427190999916, 10.816653826391969, 31.064449134018133, 22.561028345356956, 29.068883707497267, 9.219544457292887, 18.439088914585774, 0, 16.1245154965971], [19.697715603592208, 19.4164878389476, 24.698178070456937, 30.364452901377952, 26.92582403567252, 23.53720459187964, 3.605551275463989, 33.24154027718932, 16.15549442140351, 22.360679774997898, 26.92582403567252, 34.132096331752024, 31.32091952673165, 34.0147027033899, 20.024984394500787, 12.649110640673518, 16.1245154965971, 0]]
[[0, 35.73513677041127, 19.4164878389476, 4.123105625617661, 14.142135623730951, 20.248456731316587, 10.198039027185569, 14.866068747318506, 21.02379604162864, 1.4142135623730951, 18.027756377319946, 26.570660511172846, 35.11409973215888, 31.827660925679098, 34.52535300326414, 21.633307652783937, 13.341664064126334, 27.313000567495326], [35.73513677041127, 0, 31.04834939252005, 32.31098884280702, 40.607881008493905, 27.80287754891569, 32.01562118716424, 20.8806130178211, 17.69180601295413, 35.11409973215888, 24.041630560342615, 9.219544457292887, 1.4142135623730951, 16.97056274847714, 5.0, 23.08679276123039, 25.238858928247925, 9.0], [19.4164878389476, 31.04834939252005, 0, 20.0, 33.06055050963308, 32.69556544854363, 9.219544457292887, 17.204650534085253, 26.248809496813376, 20.223748416156685, 28.178005607210743, 23.259406699226016, 29.832867780352597, 18.439088914585774, 32.69556544854363, 8.06225774829855, 23.769728648009426, 22.47220505424423], [4.123105625617661, 32.31098884280702, 20.0, 0, 13.152946437965905, 16.401219466856727, 11.180339887498949, 11.661903789690601, 17.0, 3.0, 13.92838827718412, 23.259406699226016, 31.78049716414141, 30.0, 30.805843601498726, 20.615528128088304, 9.219544457292887, 24.186773244895647], [14.142135623730951, 40.607881008493905, 33.06055050963308, 13.152946437965905, 0, 15.297058540778355, 24.0, 22.47220505424423, 23.021728866442675, 13.038404810405298, 17.0, 32.526911934581186, 40.45985664828782, 42.05948168962618, 37.73592452822641, 33.52610922848042, 15.556349186104045, 33.97057550292606], [20.248456731316587, 27.80287754891569, 32.69556544854363, 16.401219466856727, 15.297058540778355, 0, 25.80697580112788, 16.278820596099706, 10.770329614269007, 18.867962264113206, 5.0, 21.540659228538015, 28.0178514522438, 34.36568055487916, 24.041630560342615, 29.427877939124322, 8.94427190999916, 23.40939982143925], [10.198039027185569, 32.01562118716424, 9.219544457292887, 11.180339887498949, 24.0, 25.80697580112788, 0, 13.0, 21.95449840010015, 11.045361017187261, 21.93171219946131, 23.021728866442675, 31.064449134018133, 23.853720883753127, 32.2490309931942, 12.806248474865697, 17.029386365926403, 23.021728866442675], [14.866068747318506, 20.8806130178211, 17.204650534085253, 11.661903789690601, 22.47220505424423, 16.278820596099706, 13.0, 0, 9.219544457292887, 14.317821063276353, 11.40175425099138, 11.704699910719626, 20.248456731316587, 19.697715603592208, 20.024984394500787, 13.152946437965905, 8.06225774829855, 12.529964086141668], [21.02379604162864, 17.69180601295413, 26.248809496813376, 17.0, 23.021728866442675, 10.770329614269007, 21.95449840010015, 9.219544457292887, 0, 20.0, 6.4031242374328485, 10.770329614269007, 17.69180601295413, 24.020824298928627, 14.7648230602334, 21.02379604162864, 8.246211251235321, 12.649110640673518], [1.4142135623730951, 35.11409973215888, 20.223748416156685, 3.0, 13.038404810405298, 18.867962264113206, 11.045361017187261, 14.317821063276353, 20.0, 0, 16.76305461424021, 26.0, 34.539832078341085, 31.89043743820395, 33.734255586866, 21.95449840010015, 12.165525060596439, 26.832815729997478], [18.027756377319946, 24.041630560342615, 28.178005607210743, 13.92838827718412, 17.0, 5.0, 21.93171219946131, 11.40175425099138, 6.4031242374328485, 16.76305461424021, 0, 17.0, 24.08318915758459, 29.427877939124322, 20.808652046684813, 24.515301344262525, 5.0, 18.788294228055936], [26.570660511172846, 9.219544457292887, 23.259406699226016, 23.259406699226016, 32.526911934581186, 21.540659228538015, 23.021728866442675, 11.704699910719626, 10.770329614269007, 26.0, 17.0, 0, 8.54400374531753, 14.317821063276353, 9.486832980505138, 15.811388300841896, 16.97056274847714, 2.0], [35.11409973215888, 1.4142135623730951, 29.832867780352597, 31.78049716414141, 40.45985664828782, 28.0178514522438, 31.064449134018133, 20.248456731316587, 17.69180601295413, 34.539832078341085, 24.08318915758459, 8.54400374531753, 0, 15.556349186104045, 6.082762530298219, 21.840329667841555, 25.0, 8.06225774829855], [31.827660925679098, 16.97056274847714, 18.439088914585774, 30.0, 42.05948168962618, 34.36568055487916, 23.853720883753127, 19.697715603592208, 24.020824298928627, 31.89043743820395, 29.427877939124322, 14.317821063276353, 15.556349186104045, 0, 20.808652046684813, 11.180339887498949, 27.51363298439521, 12.36931687685298], [34.52535300326414, 5.0, 32.69556544854363, 30.805843601498726, 37.73592452822641, 24.041630560342615, 32.2490309931942, 20.024984394500787, 14.7648230602334, 33.734255586866, 20.808652046684813, 9.486832980505138, 6.082762530298219, 20.808652046684813, 0, 25.059928172283335, 22.847319317591726, 10.295630140987], [21.633307652783937, 23.08679276123039, 8.06225774829855, 20.615528128088304, 33.52610922848042, 29.427877939124322, 12.806248474865697, 13.152946437965905, 21.02379604162864, 21.95449840010015, 24.515301344262525, 15.811388300841896, 21.840329667841555, 11.180339887498949, 25.059928172283335, 0, 21.02379604162864, 14.7648230602334], [13.341664064126334, 25.238858928247925, 23.769728648009426, 9.219544457292887, 15.556349186104045, 8.94427190999916, 17.029386365926403, 8.06225774829855, 8.246211251235321, 12.165525060596439, 5.0, 16.97056274847714, 25.0, 27.51363298439521, 22.847319317591726, 21.02379604162864, 0, 18.439088914585774], [27.313000567495326, 9.0, 22.47220505424423, 24.186773244895647, 33.97057550292606, 23.40939982143925, 23.021728866442675, 12.529964086141668, 12.649110640673518, 26.832815729997478, 18.788294228055936, 2.0, 8.06225774829855, 12.36931687685298, 10.295630140987, 14.7648230602334, 18.439088914585774, 0]]
