[[0, 9.848857801796104, 6.0, 28.0178514522438, 31.622776601683793, 39.20459156782532, 15.620499351813308, 34.40930106817051, 29.410882339705484, 33.13608305156178, 36.138621999185304, 31.953090617340916, 3.1622776601683795, 29.154759474226502, 33.13608305156178, 42.05948168962618], [9.848857801796104, 0, 9.219544457292887, 32.984845004941285, 34.0147027033899, 35.608987629529715, 16.0312195418814, 33.83784863137726, 19.6468827043885, 25.0, 29.068883707497267, 34.058772731852805, 6.708203932499369, 23.430749027719962, 24.020824298928627, 36.87817782917155], [6.0, 9.219544457292887, 0, 34.0147027033899, 37.36308338453881, 43.139309220245984, 20.591260281974, 39.44616584663204, 28.160255680657446, 34.20526275297414, 38.07886552931954, 37.64306044943742, 5.830951894845301, 31.906112267087632, 33.13608305156178, 45.221676218380054], [28.0178514522438, 32.984845004941285, 34.0147027033899, 0, 9.219544457292887, 30.265491900843113, 18.35755975068582, 19.0, 45.803929962395145, 40.607881008493905, 38.948684188300895, 10.198039027185569, 29.068883707497267, 31.064449134018133, 44.553338819890925, 36.87817782917155], [31.622776601683793, 34.0147027033899, 37.36308338453881, 9.219544457292887, 0, 21.840329667841555, 18.0, 10.198039027185569, 42.95346318982906, 35.4682957019364, 32.64965543462902, 1.0, 31.78049716414141, 25.495097567963924, 40.22437072223753, 28.792360097775937], [39.20459156782532, 35.608987629529715, 43.139309220245984, 30.265491900843113, 21.840329667841555, 0, 24.186773244895647, 11.704699910719626, 33.13608305156178, 21.095023109728988, 15.524174696260024, 20.8806130178211, 37.53664875824692, 13.601470508735444, 27.073972741361768, 7.211102550927978], [15.620499351813308, 16.0312195418814, 20.591260281974, 18.35755975068582, 18.0, 24.186773244895647, 0, 18.867962264113206, 27.65863337187866, 24.698178070456937, 25.179356624028344, 18.027756377319946, 14.7648230602334, 17.029386365926403, 27.459060435491963, 28.160255680657446], [34.40930106817051, 33.83784863137726, 39.44616584663204, 19.0, 10.198039027185569, 11.704699910719626, 18.867962264113206, 0, 37.8549864614954, 28.178005607210743, 24.20743687382041, 9.219544457292887, 33.61547262794322, 18.384776310850235, 33.61547262794322, 18.788294228055936], [29.410882339705484, 19.6468827043885, 28.160255680657446, 45.803929962395145, 42.95346318982906, 33.13608305156178, 27.65863337187866, 37.8549864614954, 0, 13.0, 19.313207915827967, 42.5440947723653, 26.248809496813376, 20.024984394500787, 7.810249675906654, 30.364452901377952], [33.13608305156178, 25.0, 34.20526275297414, 40.607881008493905, 35.4682957019364, 21.095023109728988, 24.698178070456937, 28.178005607210743, 13.0, 0, 6.324555320336759, 34.828149534535996, 30.265491900843113, 10.0, 6.0, 17.46424919657298], [36.138621999185304, 29.068883707497267, 38.07886552931954, 38.948684188300895, 32.64965543462902, 15.524174696260024, 25.179356624028344, 24.20743687382041, 19.313207915827967, 6.324555320336759, 0, 31.89043743820395, 33.52610922848042, 8.246211251235321, 12.165525060596439, 11.180339887498949], [31.953090617340916, 34.058772731852805, 37.64306044943742, 10.198039027185569, 1.0, 20.8806130178211, 18.027756377319946, 9.219544457292887, 42.5440947723653, 34.828149534535996, 31.89043743820395, 0, 32.01562118716424, 24.839484696748443, 39.66106403010388, 27.85677655436824], [3.1622776601683795, 6.708203932499369, 5.830951894845301, 29.068883707497267, 31.78049716414141, 37.53664875824692, 14.7648230602334, 33.61547262794322, 26.248809496813376, 30.265491900843113, 33.52610922848042, 32.01562118716424, 0, 26.832815729997478, 30.066592756745816, 39.96248240537617], [29.154759474226502, 23.430749027719962, 31.906112267087632, 31.064449134018133, 25.495097567963924, 13.601470508735444, 17.029386365926403, 18.384776310850235, 20.024984394500787, 10.0, 8.246211251235321, 24.839484696748443, 26.832815729997478, 0, 15.231546211727817, 13.45362404707371], [33.13608305156178, 24.020824298928627, 33.13608305156178, 44.553338819890925, 40.22437072223753, 27.073972741361768, 27.459060435491963, 33.61547262794322, 7.810249675906654, 6.0, 12.165525060596439, 39.66106403010388, 30.066592756745816, 15.231546211727817, 0, 23.345235059857504], [42.05948168962618, 36.87817782917155, 45.221676218380054, 36.87817782917155, 28.792360097775937, 7.211102550927978, 28.160255680657446, 18.788294228055936, 30.364452901377952, 17.46424919657298, 11.180339887498949, 27.85677655436824, 39.96248240537617, 13.45362404707371, 23.345235059857504, 0]]
[[0, 18.027756377319946, 29.614185789921695, 16.0312195418814, 35.4400902933387, 15.297058540778355, 9.219544457292887, 30.01666203960727, 5.385164807134504, 15.231546211727817, 17.26267650163207, 22.561028345356956, 17.4928556845359, 39.6232255123179, 15.231546211727817, 9.433981132056603], [18.027756377319946, 0, 28.319604517012593, 17.08800749063506, 34.655446902326915, 13.0, 17.029386365926403, 12.083045973594572, 17.72004514666935, 4.123105625617661, 13.892443989449804, 23.323807579381203, 1.0, 22.02271554554524, 9.848857801796104, 10.198039027185569], [29.614185789921695, 28.319604517012593, 0, 13.92838827718412, 6.4031242374328485, 16.64331697709324, 20.396078054371138, 34.92849839314596, 24.331050121192877, 30.479501308256342, 15.0, 7.0710678118654755, 29.0, 35.05709628591621, 19.209372712298546, 23.706539182259394], [16.0312195418814, 17.08800749063506, 13.92838827718412, 0, 20.12461179749811, 4.123105625617661, 7.0710678118654755, 27.018512172212592, 11.045361017187261, 18.027756377319946, 4.123105625617661, 7.211102550927978, 17.46424919657298, 31.953090617340916, 7.280109889280518, 10.0], [35.4400902933387, 34.655446902326915, 6.4031242374328485, 20.12461179749811, 0, 23.021728866442675, 26.248809496813376, 40.70626487409524, 30.083217912982647, 36.87817782917155, 21.400934559032695, 13.0, 35.35533905932738, 39.6232255123179, 25.612496949731394, 30.01666203960727], [15.297058540778355, 13.0, 16.64331697709324, 4.123105625617661, 23.021728866442675, 0, 7.810249675906654, 23.0, 11.180339887498949, 14.212670403551895, 2.0, 10.63014581273465, 13.416407864998739, 28.635642126552707, 3.1622776601683795, 7.280109889280518], [9.219544457292887, 17.029386365926403, 20.396078054371138, 7.0710678118654755, 26.248809496813376, 7.810249675906654, 0, 28.635642126552707, 4.0, 16.278820596099706, 9.433981132056603, 13.341664064126334, 17.0, 35.84689665786984, 9.433981132056603, 7.0710678118654755], [30.01666203960727, 12.083045973594572, 34.92849839314596, 27.018512172212592, 40.70626487409524, 23.0, 28.635642126552707, 0, 29.732137494637012, 15.0, 23.08679276123039, 31.78049716414141, 12.529964086141668, 12.36931687685298, 20.024984394500787, 22.135943621178654], [5.385164807134504, 17.72004514666935, 24.331050121192877, 11.045361017187261, 30.083217912982647, 11.180339887498949, 4.0, 29.732137494637012, 0, 16.0312195418814, 13.0, 17.26267650163207, 17.46424919657298, 38.01315561749642, 12.041594578792296, 7.615773105863909], [15.231546211727817, 4.123105625617661, 30.479501308256342, 18.027756377319946, 36.87817782917155, 14.212670403551895, 16.278820596099706, 15.0, 16.0312195418814, 0, 15.556349186104045, 24.839484696748443, 3.1622776601683795, 25.80697580112788, 11.313708498984761, 9.219544457292887], [17.26267650163207, 13.892443989449804, 15.0, 4.123105625617661, 21.400934559032695, 2.0, 9.433981132056603, 23.08679276123039, 13.0, 15.556349186104045, 0, 9.433981132056603, 14.422205101855956, 27.85677655436824, 4.242640687119285, 9.219544457292887], [22.561028345356956, 23.323807579381203, 7.0710678118654755, 7.211102550927978, 13.0, 10.63014581273465, 13.341664064126334, 31.78049716414141, 17.26267650163207, 24.839484696748443, 9.433981132056603, 0, 23.853720883753127, 34.36568055487916, 13.601470508735444, 17.204650534085253], [17.4928556845359, 1.0, 29.0, 17.46424919657298, 35.35533905932738, 13.416407864998739, 17.0, 12.529964086141668, 17.46424919657298, 3.1622776601683795, 14.422205101855956, 23.853720883753127, 0, 22.80350850198276, 10.295630140987, 10.04987562112089], [39.6232255123179, 22.02271554554524, 35.05709628591621, 31.953090617340916, 39.6232255123179, 28.635642126552707, 35.84689665786984, 12.36931687685298, 38.01315561749642, 25.80697580112788, 27.85677655436824, 34.36568055487916, 22.80350850198276, 0, 26.419689627245813, 30.610455730027933], [15.231546211727817, 9.848857801796104, 19.209372712298546, 7.280109889280518, 25.612496949731394, 3.1622776601683795, 9.433981132056603, 20.024984394500787, 12.041594578792296, 11.313708498984761, 4.242640687119285, 13.601470508735444, 10.295630140987, 26.419689627245813, 0, 6.082762530298219], [9.433981132056603, 10.198039027185569, 23.706539182259394, 10.0, 30.01666203960727, 7.280109889280518, 7.0710678118654755, 22.135943621178654, 7.615773105863909, 9.219544457292887, 9.219544457292887, 17.204650534085253, 10.04987562112089, 30.610455730027933, 6.082762530298219, 0]]
[[0, 13.601470508735444, 15.652475842498529, 23.259406699226016, 30.083217912982647, 27.018512172212592, 9.848857801796104, 20.591260281974, 26.248809496813376, 16.0312195418814, 20.248456731316587, 20.615528128088304, 33.83784863137726, 18.681541692269406, 34.0, 32.55764119219941], [13.601470508735444, 0, 18.973665961010276, 25.179356624028344, 32.0624390837628, 14.317821063276353, 10.295630140987, 22.20360331117452, 16.97056274847714, 4.242640687119285, 12.529964086141668, 17.26267650163207, 20.248456731316587, 23.40939982143925, 26.248809496813376, 29.410882339705484], [15.652475842498529, 18.973665961010276, 0, 7.615773105863909, 14.560219778561036, 25.0, 23.194827009486403, 5.0, 18.973665961010276, 17.4928556845359, 13.892443989449804, 9.055385138137417, 35.35533905932738, 4.47213595499958, 23.08679276123039, 18.027756377319946], [23.259406699226016, 25.179356624028344, 7.615773105863909, 0, 7.0710678118654755, 27.80287754891569, 30.59411708155671, 3.0, 19.849433241279208, 22.80350850198276, 16.64331697709324, 10.0, 38.8329756778952, 5.830951894845301, 20.615528128088304, 12.36931687685298], [30.083217912982647, 32.0624390837628, 14.560219778561036, 7.0710678118654755, 0, 33.12099032335839, 37.656340767525464, 10.04987562112089, 24.413111231467404, 29.427877939124322, 22.47220505424423, 15.811388300841896, 44.294469180700204, 11.661903789690601, 22.47220505424423, 11.704699910719626], [27.018512172212592, 14.317821063276353, 25.0, 27.80287754891569, 33.12099032335839, 0, 24.351591323771842, 25.495097567963924, 9.219544457292887, 11.0, 11.313708498984761, 17.804493814764857, 11.180339887498949, 29.068883707497267, 17.26267650163207, 25.495097567963924], [9.848857801796104, 10.295630140987, 23.194827009486403, 30.59411708155671, 37.656340767525464, 24.351591323771842, 0, 27.65863337187866, 27.018512172212592, 14.422205101855956, 21.93171219946131, 25.059928172283335, 28.071337695236398, 27.018512172212592, 36.069377593742864, 37.589892258425], [20.591260281974, 22.20360331117452, 5.0, 3.0, 10.04987562112089, 25.495097567963924, 27.65863337187866, 0, 18.027756377319946, 19.924858845171276, 14.212670403551895, 7.810249675906654, 36.40054944640259, 5.0, 20.09975124224178, 13.416407864998739], [26.248809496813376, 16.97056274847714, 18.973665961010276, 19.849433241279208, 24.413111231467404, 9.219544457292887, 27.018512172212592, 18.027756377319946, 0, 12.727922061357855, 6.082762530298219, 10.295630140987, 20.248456731316587, 22.360679774997898, 9.433981132056603, 16.278820596099706], [16.0312195418814, 4.242640687119285, 17.4928556845359, 22.80350850198276, 29.427877939124322, 11.0, 14.422205101855956, 19.924858845171276, 12.727922061357855, 0, 8.54400374531753, 14.0, 18.867962264113206, 21.95449840010015, 22.02271554554524, 25.709920264364882], [20.248456731316587, 12.529964086141668, 13.892443989449804, 16.64331697709324, 22.47220505424423, 11.313708498984761, 21.93171219946131, 14.212670403551895, 6.082762530298219, 8.54400374531753, 0, 6.708203932499369, 22.20360331117452, 17.804493814764857, 14.212670403551895, 17.26267650163207], [20.615528128088304, 17.26267650163207, 9.055385138137417, 10.0, 15.811388300841896, 17.804493814764857, 25.059928172283335, 7.810249675906654, 10.295630140987, 14.0, 6.708203932499369, 0, 28.844410203711913, 12.083045973594572, 14.317821063276353, 12.529964086141668], [33.83784863137726, 20.248456731316587, 35.35533905932738, 38.8329756778952, 44.294469180700204, 11.180339887498949, 28.071337695236398, 36.40054944640259, 20.248456731316587, 18.867962264113206, 22.20360331117452, 28.844410203711913, 0, 39.6232255123179, 27.073972741361768, 36.40054944640259], [18.681541692269406, 23.40939982143925, 4.47213595499958, 5.830951894845301, 11.661903789690601, 29.068883707497267, 27.018512172212592, 5.0, 22.360679774997898, 21.95449840010015, 17.804493814764857, 12.083045973594572, 39.6232255123179, 0, 25.079872407968907, 18.027756377319946], [34.0, 26.248809496813376, 23.08679276123039, 20.615528128088304, 22.47220505424423, 17.26267650163207, 36.069377593742864, 20.09975124224178, 9.433981132056603, 22.02271554554524, 14.212670403551895, 14.317821063276353, 27.073972741361768, 25.079872407968907, 0, 11.313708498984761], [32.55764119219941, 29.410882339705484, 18.027756377319946, 12.36931687685298, 11.704699910719626, 25.495097567963924, 37.589892258425, 13.416407864998739, 16.278820596099706, 25.709920264364882, 17.26267650163207, 12.529964086141668, 36.40054944640259, 18.027756377319946, 11.313708498984761, 0]]
[[0, 27.16615541441225, 22.80350850198276, 16.278820596099706, 25.96150997149434, 19.313207915827967, 11.704699910719626, 19.697715603592208, 23.430749027719962, 32.57299494980466, 18.973665961010276, 7.0, 14.142135623730951, 21.95449840010015, 30.675723300355934, 21.633307652783937], [27.16615541441225, 0, 10.295630140987, 27.294688127912362, 4.47213595499958, 13.45362404707371, 16.0312195418814, 10.295630140987, 19.209372712298546, 8.06225774829855, 9.486832980505138, 28.792360097775937, 21.400934559032695, 16.1245154965971, 13.152946437965905, 17.4928556845359], [22.80350850198276, 10.295630140987, 0, 29.068883707497267, 13.341664064126334, 4.123105625617661, 14.866068747318506, 14.560219778561036, 25.0, 18.35755975068582, 12.649110640673518, 22.02271554554524, 12.649110640673518, 5.830951894845301, 8.06225774829855, 7.211102550927978], [16.278820596099706, 27.294688127912362, 29.068883707497267, 0, 23.769728648009426, 27.459060435491963, 14.422205101855956, 17.0, 12.165525060596439, 28.635642126552707, 18.027756377319946, 23.194827009486403, 26.92582403567252, 31.38470965295043, 36.76955262170047, 31.76476034853718], [25.96150997149434, 4.47213595499958, 13.341664064126334, 23.769728648009426, 0, 15.652475842498529, 14.317821063276353, 7.0710678118654755, 14.866068747318506, 6.708203932499369, 7.0710678118654755, 28.653097563788805, 22.67156809750927, 18.973665961010276, 17.46424919657298, 20.248456731316587], [19.313207915827967, 13.45362404707371, 4.123105625617661, 27.459060435491963, 15.652475842498529, 0, 13.038404810405298, 15.0, 25.179356624028344, 21.400934559032695, 13.0, 18.0, 8.54400374531753, 4.123105625617661, 11.40175425099138, 5.0], [11.704699910719626, 16.0312195418814, 14.866068747318506, 14.422205101855956, 14.317821063276353, 13.038404810405298, 0, 8.06225774829855, 14.560219778561036, 20.8806130178211, 7.280109889280518, 15.556349186104045, 14.035668847618199, 17.0, 22.80350850198276, 17.46424919657298], [19.697715603592208, 10.295630140987, 14.560219778561036, 17.0, 7.0710678118654755, 15.0, 8.06225774829855, 0, 10.44030650891055, 13.152946437965905, 2.0, 23.430749027719962, 19.697715603592208, 19.026297590440446, 21.095023109728988, 20.0], [23.430749027719962, 19.209372712298546, 25.0, 12.165525060596439, 14.866068747318506, 25.179356624028344, 14.560219778561036, 10.44030650891055, 0, 17.88854381999832, 12.36931687685298, 29.154759474226502, 28.442925306655784, 29.274562336608895, 31.304951684997057, 30.14962686336267], [32.57299494980466, 8.06225774829855, 18.35755975068582, 28.635642126552707, 6.708203932499369, 21.400934559032695, 20.8806130178211, 13.152946437965905, 17.88854381999832, 0, 13.601470508735444, 35.35533905932738, 29.0, 24.186773244895647, 20.09975124224178, 25.553864678361276], [18.973665961010276, 9.486832980505138, 12.649110640673518, 18.027756377319946, 7.0710678118654755, 13.0, 7.280109889280518, 2.0, 12.36931687685298, 13.601470508735444, 0, 22.20360331117452, 17.88854381999832, 17.029386365926403, 19.4164878389476, 18.0], [7.0, 28.792360097775937, 22.02271554554524, 23.194827009486403, 28.653097563788805, 18.0, 15.556349186104045, 23.430749027719962, 29.154759474226502, 35.35533905932738, 22.20360331117452, 0, 10.44030650891055, 19.4164878389476, 29.154759474226502, 18.681541692269406], [14.142135623730951, 21.400934559032695, 12.649110640673518, 26.92582403567252, 22.67156809750927, 8.54400374531753, 14.035668847618199, 19.697715603592208, 28.442925306655784, 29.0, 17.88854381999832, 10.44030650891055, 0, 9.055385138137417, 19.0, 8.246211251235321], [21.95449840010015, 16.1245154965971, 5.830951894845301, 31.38470965295043, 18.973665961010276, 4.123105625617661, 17.0, 19.026297590440446, 29.274562336608895, 24.186773244895647, 17.029386365926403, 19.4164878389476, 9.055385138137417, 0, 10.04987562112089, 1.4142135623730951], [30.675723300355934, 13.152946437965905, 8.06225774829855, 36.76955262170047, 17.46424919657298, 11.40175425099138, 22.80350850198276, 21.095023109728988, 31.304951684997057, 20.09975124224178, 19.4164878389476, 29.154759474226502, 19.0, 10.04987562112089, 0, 11.180339887498949], [21.633307652783937, 17.4928556845359, 7.211102550927978, 31.76476034853718, 20.248456731316587, 5.0, 17.46424919657298, 20.0, 30.14962686336267, 25.553864678361276, 18.0, 18.681541692269406, 8.246211251235321, 1.4142135623730951, 11.180339887498949, 0]]
[[0, 29.698484809834994, 24.596747752497688, 11.180339887498949, 31.304951684997057, 9.055385138137417, 30.528675044947494, 15.811388300841896, 6.4031242374328485, 20.024984394500787, 29.068883707497267, 9.0, 6.082762530298219, 35.35533905932738, 30.805843601498726, 7.810249675906654], [29.698484809834994, 0, 10.04987562112089, 25.079872407968907, 9.899494936611665, 23.323807579381203, 7.0710678118654755, 17.08800749063506, 23.345235059857504, 22.02271554554524, 24.351591323771842, 24.186773244895647, 34.828149534535996, 5.656854249492381, 5.0, 21.93171219946131], [24.596747752497688, 10.04987562112089, 0, 17.029386365926403, 18.788294228055936, 21.095023109728988, 16.15549442140351, 17.46424919657298, 18.384776310850235, 24.698178070456937, 30.0, 22.090722034374522, 30.463092423455635, 14.317821063276353, 14.560219778561036, 17.08800749063506], [11.180339887498949, 25.079872407968907, 17.029386365926403, 0, 30.14962686336267, 14.866068747318506, 28.442925306655784, 18.027756377319946, 8.48528137423857, 25.059928172283335, 33.61547262794322, 15.556349186104045, 17.029386365926403, 30.4138126514911, 27.892651361962706, 8.602325267042627], [31.304951684997057, 9.899494936611665, 18.788294228055936, 30.14962686336267, 0, 23.021728866442675, 2.8284271247461903, 15.811388300841896, 25.632011235952593, 17.0, 16.0312195418814, 23.600847442411894, 35.22782990761707, 11.40175425099138, 5.0, 24.351591323771842], [9.055385138137417, 23.323807579381203, 21.095023109728988, 14.866068747318506, 23.021728866442675, 0, 22.67156809750927, 7.211102550927978, 6.4031242374328485, 11.180339887498949, 20.223748416156685, 1.0, 12.206555615733702, 28.844410203711913, 23.345235059857504, 6.4031242374328485], [30.528675044947494, 7.0710678118654755, 16.15549442140351, 28.442925306655784, 2.8284271247461903, 22.67156809750927, 0, 15.556349186104045, 24.596747752497688, 18.027756377319946, 18.24828759089466, 23.345235059857504, 34.828149534535996, 9.055385138137417, 2.23606797749979, 23.259406699226016], [15.811388300841896, 17.08800749063506, 17.46424919657298, 18.027756377319946, 15.811388300841896, 7.211102550927978, 15.556349186104045, 0, 11.0, 7.810249675906654, 15.652475842498529, 7.810249675906654, 19.4164878389476, 22.360679774997898, 16.401219466856727, 10.04987562112089], [6.4031242374328485, 23.345235059857504, 18.384776310850235, 8.48528137423857, 25.632011235952593, 6.4031242374328485, 24.596747752497688, 11.0, 0, 17.08800749063506, 25.96150997149434, 7.0710678118654755, 12.083045973594572, 29.0, 24.698178070456937, 1.4142135623730951], [20.024984394500787, 22.02271554554524, 24.698178070456937, 25.059928172283335, 17.0, 11.180339887498949, 18.027756377319946, 7.810249675906654, 17.08800749063506, 0, 9.055385138137417, 11.045361017187261, 21.587033144922902, 26.476404589747453, 19.6468827043885, 16.55294535724685], [29.068883707497267, 24.351591323771842, 30.0, 33.61547262794322, 16.0312195418814, 20.223748416156685, 18.24828759089466, 15.652475842498529, 25.96150997149434, 9.055385138137417, 0, 20.09975124224178, 30.265491900843113, 27.294688127912362, 20.396078054371138, 25.298221281347036], [9.0, 24.186773244895647, 22.090722034374522, 15.556349186104045, 23.600847442411894, 1.0, 23.345235059857504, 7.810249675906654, 7.0710678118654755, 11.045361017187261, 20.09975124224178, 0, 11.661903789690601, 29.68164415931166, 24.08318915758459, 7.211102550927978], [6.082762530298219, 34.828149534535996, 30.463092423455635, 17.029386365926403, 35.22782990761707, 12.206555615733702, 34.828149534535996, 19.4164878389476, 12.083045973594572, 21.587033144922902, 30.265491900843113, 11.661903789690601, 0, 40.45985664828782, 35.38361202590826, 13.416407864998739], [35.35533905932738, 5.656854249492381, 14.317821063276353, 30.4138126514911, 11.40175425099138, 28.844410203711913, 9.055385138137417, 22.360679774997898, 29.0, 26.476404589747453, 27.294688127912362, 29.68164415931166, 40.45985664828782, 0, 7.0, 27.586228448267445], [30.805843601498726, 5.0, 14.560219778561036, 27.892651361962706, 5.0, 23.345235059857504, 2.23606797749979, 16.401219466856727, 24.698178070456937, 19.6468827043885, 20.396078054371138, 24.08318915758459, 35.38361202590826, 7.0, 0, 23.323807579381203], [7.810249675906654, 21.93171219946131, 17.08800749063506, 8.602325267042627, 24.351591323771842, 6.4031242374328485, 23.259406699226016, 10.04987562112089, 1.4142135623730951, 16.55294535724685, 25.298221281347036, 7.211102550927978, 13.416407864998739, 27.586228448267445, 23.323807579381203, 0]]
[[0, 6.324555320336759, 7.810249675906654, 14.7648230602334, 11.40175425099138, 21.02379604162864, 23.08679276123039, 15.811388300841896, 8.0, 9.486832980505138, 24.758836806279895, 23.40939982143925, 2.8284271247461903, 21.540659228538015, 10.63014581273465, 17.72004514666935], [6.324555320336759, 0, 8.06225774829855, 11.40175425099138, 15.811388300841896, 27.313000567495326, 23.853720883753127, 17.029386365926403, 11.661903789690601, 5.830951894845301, 19.4164878389476, 24.413111231467404, 4.0, 15.231546211727817, 16.64331697709324, 23.194827009486403], [7.810249675906654, 8.06225774829855, 0, 8.06225774829855, 9.433981132056603, 24.186773244895647, 30.463092423455635, 23.259406699226016, 5.385164807134504, 5.0, 26.832815729997478, 30.870698080866262, 8.54400374531753, 20.518284528683193, 13.038404810405298, 24.596747752497688], [14.7648230602334, 11.40175425099138, 8.06225774829855, 0, 16.492422502470642, 32.0624390837628, 35.22782990761707, 28.42534080710379, 13.038404810405298, 5.656854249492381, 25.317977802344327, 35.805027579936315, 14.212670403551895, 16.55294535724685, 21.0, 32.31098884280702], [11.40175425099138, 15.811388300841896, 9.433981132056603, 16.492422502470642, 0, 16.1245154965971, 33.24154027718932, 26.076809620810597, 4.242640687119285, 14.422205101855956, 35.22782990761707, 33.37663853655727, 13.92838827718412, 29.832867780352597, 6.4031242374328485, 21.2602916254693], [21.02379604162864, 27.313000567495326, 24.186773244895647, 32.0624390837628, 16.1245154965971, 0, 33.24154027718932, 27.784887978899608, 19.026297590440446, 28.635642126552707, 45.0, 32.89376840679705, 23.706539182259394, 42.5440947723653, 11.180339887498949, 14.142135623730951], [23.08679276123039, 23.853720883753127, 30.463092423455635, 35.22782990761707, 33.24154027718932, 33.24154027718932, 0, 7.280109889280518, 30.805843601498726, 29.68164415931166, 24.331050121192877, 1.0, 21.93171219946131, 30.4138126514911, 29.017236257093817, 19.72308292331602], [15.811388300841896, 17.029386365926403, 23.259406699226016, 28.42534080710379, 26.076809620810597, 27.784887978899608, 7.280109889280518, 0, 23.53720459187964, 22.80350850198276, 22.20360331117452, 7.615773105863909, 14.7648230602334, 25.96150997149434, 22.20360331117452, 15.620499351813308], [8.0, 11.661903789690601, 5.385164807134504, 13.038404810405298, 4.242640687119285, 19.026297590440446, 30.805843601498726, 23.53720459187964, 0, 10.295630140987, 31.064449134018133, 31.04834939252005, 10.198039027185569, 25.612496949731394, 8.06225774829855, 21.400934559032695], [9.486832980505138, 5.830951894845301, 5.0, 5.656854249492381, 14.422205101855956, 28.635642126552707, 29.68164415931166, 22.80350850198276, 10.295630140987, 0, 22.47220505424423, 30.23243291566195, 8.602325267042627, 15.556349186104045, 17.46424919657298, 27.202941017470888], [24.758836806279895, 19.4164878389476, 26.832815729997478, 25.317977802344327, 35.22782990761707, 45.0, 24.331050121192877, 22.20360331117452, 31.064449134018133, 22.47220505424423, 0, 25.317977802344327, 21.93171219946131, 10.44030650891055, 35.35533905932738, 36.40054944640259], [23.40939982143925, 24.413111231467404, 30.870698080866262, 35.805027579936315, 33.37663853655727, 32.89376840679705, 1.0, 7.615773105863909, 31.04834939252005, 30.23243291566195, 25.317977802344327, 0, 22.360679774997898, 31.304951684997057, 29.0, 19.235384061671343], [2.8284271247461903, 4.0, 8.54400374531753, 14.212670403551895, 13.92838827718412, 23.706539182259394, 21.93171219946131, 14.7648230602334, 10.198039027185569, 8.602325267042627, 21.93171219946131, 22.360679774997898, 0, 18.973665961010276, 13.45362404707371, 19.235384061671343], [21.540659228538015, 15.231546211727817, 20.518284528683193, 16.55294535724685, 29.832867780352597, 42.5440947723653, 30.4138126514911, 25.96150997149434, 25.612496949731394, 15.556349186104045, 10.44030650891055, 31.304951684997057, 18.973665961010276, 0, 31.76476034853718, 37.12142238654117], [10.63014581273465, 16.64331697709324, 13.038404810405298, 21.0, 6.4031242374328485, 11.180339887498949, 29.017236257093817, 22.20360331117452, 8.06225774829855, 17.46424919657298, 35.35533905932738, 29.0, 13.45362404707371, 31.76476034853718, 0, 15.0], [17.72004514666935, 23.194827009486403, 24.596747752497688, 32.31098884280702, 21.2602916254693, 14.142135623730951, 19.72308292331602, 15.620499351813308, 21.400934559032695, 27.202941017470888, 36.40054944640259, 19.235384061671343, 19.235384061671343, 37.12142238654117, 15.0, 0]]
[[0, 38.3275357934736, 41.593268686170845, 35.84689665786984, 38.01315561749642, 36.013886210738214, 18.439088914585774, 14.035668847618199, 35.4682957019364, 30.4138126514911, 19.0, 14.560219778561036, 42.44997055358225, 47.20169488482379, 26.0, 32.2490309931942], [38.3275357934736, 0, 14.035668847618199, 32.802438933713454, 35.805027579936315, 4.47213595499958, 36.40054944640259, 24.73863375370596, 37.53664875824692, 14.212670403551895, 19.6468827043885, 24.020824298928627, 27.51363298439521, 23.0, 43.41658669218482, 14.866068747318506], [41.593268686170845, 14.035668847618199, 0, 22.47220505424423, 25.0, 18.027756377319946, 33.015148038438355, 30.479501308256342, 27.784887978899608, 11.180339887498949, 26.1725046566048, 27.459060435491963, 14.422205101855956, 9.055385138137417, 37.656340767525464, 9.486832980505138], [35.84689665786984, 32.802438933713454, 22.47220505424423, 0, 3.1622776601683795, 34.9857113690718, 19.1049731745428, 32.2490309931942, 5.385164807134504, 19.235384061671343, 31.016124838541646, 27.294688127912362, 11.0, 20.223748416156685, 18.681541692269406, 18.027756377319946], [38.01315561749642, 35.805027579936315, 25.0, 3.1622776601683795, 0, 38.07886552931954, 20.615528128088304, 35.12833614050059, 4.123105625617661, 22.360679774997898, 34.058772731852805, 30.14962686336267, 12.36931687685298, 21.840329667841555, 18.788294228055936, 21.095023109728988], [36.013886210738214, 4.47213595499958, 18.027756377319946, 34.9857113690718, 38.07886552931954, 0, 36.235341863986875, 22.090722034374522, 39.408120990476064, 15.811388300841896, 17.029386365926403, 22.20360331117452, 30.805843601498726, 27.073972741361768, 43.829214001622255, 17.0], [18.439088914585774, 36.40054944640259, 33.015148038438355, 19.1049731745428, 20.615528128088304, 36.235341863986875, 0, 21.470910553583888, 17.4928556845359, 23.345235059857504, 23.430749027719962, 17.204650534085253, 28.178005607210743, 35.4400902933387, 8.94427190999916, 24.08318915758459], [14.035668847618199, 24.73863375370596, 30.479501308256342, 32.2490309931942, 35.12833614050059, 22.090722034374522, 21.470910553583888, 0, 34.0147027033899, 19.849433241279208, 5.0990195135927845, 5.0, 35.34119409414458, 37.64306044943742, 30.4138126514911, 22.02271554554524], [35.4682957019364, 37.53664875824692, 27.784887978899608, 5.385164807134504, 4.123105625617661, 39.408120990476064, 17.4928556845359, 34.0147027033899, 0, 23.600847442411894, 33.54101966249684, 29.017236257093817, 16.1245154965971, 25.495097567963924, 14.7648230602334, 22.67156809750927], [30.4138126514911, 14.212670403551895, 11.180339887498949, 19.235384061671343, 22.360679774997898, 15.811388300841896, 23.345235059857504, 19.849433241279208, 23.600847442411894, 0, 16.1245154965971, 16.401219466856727, 17.11724276862369, 17.804493814764857, 29.546573405388315, 2.23606797749979], [19.0, 19.6468827043885, 26.1725046566048, 31.016124838541646, 34.058772731852805, 17.029386365926403, 23.430749027719962, 5.0990195135927845, 33.54101966249684, 16.1245154965971, 0, 6.4031242374328485, 32.57299494980466, 33.83784863137726, 32.202484376209235, 18.35755975068582], [14.560219778561036, 24.020824298928627, 27.459060435491963, 27.294688127912362, 30.14962686336267, 22.20360331117452, 17.204650534085253, 5.0, 29.017236257093817, 16.401219466856727, 6.4031242374328485, 0, 30.886890422961002, 33.94112549695428, 26.076809620810597, 18.439088914585774], [42.44997055358225, 27.51363298439521, 14.422205101855956, 11.0, 12.36931687685298, 30.805843601498726, 28.178005607210743, 35.34119409414458, 16.1245154965971, 17.11724276862369, 32.57299494980466, 30.886890422961002, 0, 9.486832980505138, 29.427877939124322, 15.033296378372908], [47.20169488482379, 23.0, 9.055385138137417, 20.223748416156685, 21.840329667841555, 27.073972741361768, 35.4400902933387, 37.64306044943742, 25.495097567963924, 17.804493814764857, 33.83784863137726, 33.94112549695428, 9.486832980505138, 0, 38.05259518088089, 15.620499351813308], [26.0, 43.41658669218482, 37.656340767525464, 18.681541692269406, 18.788294228055936, 43.829214001622255, 8.94427190999916, 30.4138126514911, 14.7648230602334, 29.546573405388315, 32.202484376209235, 26.076809620810597, 29.427877939124322, 38.05259518088089, 0, 29.732137494637012], [32.2490309931942, 14.866068747318506, 9.486832980505138, 18.027756377319946, 21.095023109728988, 17.0, 24.08318915758459, 22.02271554554524, 22.67156809750927, 2.23606797749979, 18.35755975068582, 18.439088914585774, 15.033296378372908, 15.620499351813308, 29.732137494637012, 0]]
[[0, 7.0710678118654755, 13.416407864998739, 18.601075237738275, 17.0, 20.248456731316587, 36.40054944640259, 19.1049731745428, 23.40939982143925, 37.36308338453881, 11.704699910719626, 25.238858928247925, 14.422205101855956, 22.02271554554524, 37.589892258425, 20.615528128088304], [7.0710678118654755, 0, 7.0710678118654755, 20.8806130178211, 13.0, 14.142135623730951, 36.124783736376884, 15.652475842498529, 21.400934559032695, 34.438350715445125, 6.082762530298219, 24.839484696748443, 7.615773105863909, 22.47220505424423, 36.235341863986875, 25.0], [13.416407864998739, 7.0710678118654755, 0, 21.02379604162864, 7.810249675906654, 7.0710678118654755, 32.7566787083184, 10.63014581273465, 17.204650534085253, 28.844410203711913, 2.23606797749979, 21.93171219946131, 7.211102550927978, 20.615528128088304, 31.89043743820395, 26.92582403567252], [18.601075237738275, 20.8806130178211, 21.02379604162864, 0, 16.15549442140351, 23.40939982143925, 19.313207915827967, 15.264337522473747, 13.038404810405298, 25.495097567963924, 19.0, 10.04987562112089, 27.16615541441225, 6.082762530298219, 22.20360331117452, 7.810249675906654], [17.0, 13.0, 7.810249675906654, 16.15549442140351, 0, 7.280109889280518, 25.059928172283335, 2.8284271247461903, 9.433981132056603, 21.470910553583888, 7.211102550927978, 14.560219778561036, 15.0, 14.0, 24.08318915758459, 23.323807579381203], [20.248456731316587, 14.142135623730951, 7.0710678118654755, 23.40939982143925, 7.280109889280518, 0, 30.675723300355934, 9.0, 15.297058540778355, 24.041630560342615, 8.54400374531753, 21.095023109728988, 12.083045973594572, 21.095023109728988, 28.653097563788805, 30.4138126514911], [36.40054944640259, 36.124783736376884, 32.7566787083184, 19.313207915827967, 25.059928172283335, 30.675723300355934, 0, 22.360679774997898, 15.652475842498529, 13.892443989449804, 31.622776601683793, 11.313708498984761, 39.96248240537617, 14.422205101855956, 5.656854249492381, 24.08318915758459], [19.1049731745428, 15.652475842498529, 10.63014581273465, 15.264337522473747, 2.8284271247461903, 9.0, 22.360679774997898, 0, 6.708203932499369, 18.788294228055936, 10.0, 12.165525060596439, 17.804493814764857, 12.165525060596439, 21.2602916254693, 22.80350850198276], [23.40939982143925, 21.400934559032695, 17.204650534085253, 13.038404810405298, 9.433981132056603, 15.297058540778355, 15.652475842498529, 6.708203932499369, 0, 14.142135623730951, 16.278820596099706, 6.082762530298219, 24.413111231467404, 7.810249675906654, 14.866068747318506, 20.808652046684813], [37.36308338453881, 34.438350715445125, 28.844410203711913, 25.495097567963924, 21.470910553583888, 24.041630560342615, 13.892443989449804, 18.788294228055936, 14.142135623730951, 0, 28.653097563788805, 15.524174696260024, 35.608987629529715, 19.4164878389476, 8.54400374531753, 32.57299494980466], [11.704699910719626, 6.082762530298219, 2.23606797749979, 19.0, 7.211102550927978, 8.54400374531753, 31.622776601683793, 10.0, 16.278820596099706, 28.653097563788805, 0, 20.591260281974, 8.54400374531753, 18.973665961010276, 31.11269837220809, 24.73863375370596], [25.238858928247925, 24.839484696748443, 21.93171219946131, 10.04987562112089, 14.560219778561036, 21.095023109728988, 11.313708498984761, 12.165525060596439, 6.082762530298219, 15.524174696260024, 20.591260281974, 0, 29.068883707497267, 4.0, 12.649110640673518, 17.08800749063506], [14.422205101855956, 7.615773105863909, 7.211102550927978, 27.16615541441225, 15.0, 12.083045973594572, 39.96248240537617, 17.804493814764857, 24.413111231467404, 35.608987629529715, 8.54400374531753, 29.068883707497267, 0, 27.51363298439521, 39.05124837953327, 32.14031735997639], [22.02271554554524, 22.47220505424423, 20.615528128088304, 6.082762530298219, 14.0, 21.095023109728988, 14.422205101855956, 12.165525060596439, 7.810249675906654, 19.4164878389476, 18.973665961010276, 4.0, 27.51363298439521, 0, 16.492422502470642, 13.416407864998739], [37.589892258425, 36.235341863986875, 31.89043743820395, 22.20360331117452, 24.08318915758459, 28.653097563788805, 5.656854249492381, 21.2602916254693, 14.866068747318506, 8.54400374531753, 31.11269837220809, 12.649110640673518, 39.05124837953327, 16.492422502470642, 0, 28.071337695236398], [20.615528128088304, 25.0, 26.92582403567252, 7.810249675906654, 23.323807579381203, 30.4138126514911, 24.08318915758459, 22.80350850198276, 20.808652046684813, 32.57299494980466, 24.73863375370596, 17.08800749063506, 32.14031735997639, 13.416407864998739, 28.071337695236398, 0]]
