[[0, 21.095023109728988, 13.0, 21.095023109728988, 5.385164807134504, 13.152946437965905, 23.853720883753127, 3.605551275463989, 20.09975124224178, 33.015148038438355, 4.0, 28.284271247461902, 18.681541692269406, 21.02379604162864, 19.1049731745428, 31.76476034853718, 24.08318915758459, 13.038404810405298, 15.524174696260024, 30.364452901377952], [21.095023109728988, 0, 27.85677655436824, 26.870057685088806, 24.041630560342615, 8.94427190999916, 11.045361017187261, 24.0, 26.1725046566048, 25.079872407968907, 25.079872407968907, 36.069377593742864, 7.615773105863909, 34.48187929913333, 14.422205101855956, 26.68332812825267, 40.311288741492746, 29.410882339705484, 28.178005607210743, 29.546573405388315], [13.0, 27.85677655436824, 0, 11.40175425099138, 17.26267650163207, 22.80350850198276, 25.019992006393608, 10.198039027185569, 10.63014581273465, 28.30194339616981, 12.041594578792296, 16.0312195418814, 28.600699292150182, 8.06225774829855, 18.110770276274835, 25.612496949731394, 12.529964086141668, 2.23606797749979, 3.1622776601683795, 22.02271554554524], [21.095023109728988, 26.870057685088806, 11.40175425099138, 0, 26.30589287593181, 25.495097567963924, 19.697715603592208, 19.6468827043885, 1.0, 18.027756377319946, 21.840329667841555, 9.219544457292887, 30.528675044947494, 11.180339887498949, 13.038404810405298, 14.7648230602334, 18.24828759089466, 13.45362404707371, 8.48528137423857, 10.63014581273465], [5.385164807134504, 24.041630560342615, 17.26267650163207, 26.30589287593181, 0, 15.297058540778355, 28.42534080710379, 7.0710678118654755, 25.317977802344327, 38.27531841800928, 5.385164807134504, 33.06055050963308, 20.0, 25.0, 24.20743687382041, 37.12142238654117, 26.92582403567252, 16.76305461424021, 20.09975124224178, 35.73513677041127], [13.152946437965905, 8.94427190999916, 22.80350850198276, 25.495097567963924, 15.297058540778355, 0, 16.55294535724685, 16.492422502470642, 24.596747752497688, 29.614185789921695, 17.11724276862369, 34.48187929913333, 5.830951894845301, 30.4138126514911, 16.0, 30.066592756745816, 35.22782990761707, 23.853720883753127, 24.041630560342615, 31.25699921617557], [23.853720883753127, 11.045361017187261, 25.019992006393608, 19.697715603592208, 28.42534080710379, 16.55294535724685, 0, 25.495097567963924, 19.313207915827967, 14.035668847618199, 27.294688127912362, 28.30194339616981, 18.110770276274835, 29.614185789921695, 7.0710678118654755, 15.811388300841896, 36.345563690772494, 27.073972741361768, 24.08318915758459, 19.4164878389476], [3.605551275463989, 24.0, 10.198039027185569, 19.6468827043885, 7.0710678118654755, 16.492422502470642, 25.495097567963924, 0, 18.681541692269406, 33.301651610693426, 2.23606797749979, 26.019223662515376, 22.135943621178654, 18.027756377319946, 20.0, 31.622776601683793, 20.615528128088304, 9.848857801796104, 13.038404810405298, 29.546573405388315], [20.09975124224178, 26.1725046566048, 10.63014581273465, 1.0, 25.317977802344327, 24.596747752497688, 19.313207915827967, 18.681541692269406, 0, 18.384776310850235, 20.8806130178211, 10.0, 29.68164415931166, 11.045361017187261, 12.529964086141668, 15.264337522473747, 18.110770276274835, 12.727922061357855, 7.810249675906654, 11.40175425099138], [33.015148038438355, 25.079872407968907, 28.30194339616981, 18.027756377319946, 38.27531841800928, 29.614185789921695, 14.035668847618199, 33.301651610693426, 18.384776310850235, 0, 35.4682957019364, 23.021728866442675, 32.01562118716424, 29.120439557122072, 14.317821063276353, 4.123105625617661, 36.138621999185304, 30.528675044947494, 25.942243542145693, 10.198039027185569], [4.0, 25.079872407968907, 12.041594578792296, 21.840329667841555, 5.385164807134504, 17.11724276862369, 27.294688127912362, 2.23606797749979, 20.8806130178211, 35.4682957019364, 0, 28.0, 22.561028345356956, 19.6468827043885, 22.02271554554524, 33.83784863137726, 21.633307652783937, 11.40175425099138, 15.0, 31.78049716414141], [28.284271247461902, 36.069377593742864, 16.0312195418814, 9.219544457292887, 33.06055050963308, 34.48187929913333, 28.30194339616981, 26.019223662515376, 10.0, 23.021728866442675, 28.0, 0, 39.66106403010388, 10.295630140987, 22.02271554554524, 19.0, 15.620499351813308, 17.26267650163207, 13.0, 13.038404810405298], [18.681541692269406, 7.615773105863909, 28.600699292150182, 30.528675044947494, 20.0, 5.830951894845301, 18.110770276274835, 22.135943621178654, 29.68164415931166, 32.01562118716424, 22.561028345356956, 39.66106403010388, 0, 36.124783736376884, 19.6468827043885, 33.13608305156178, 41.048751503547585, 29.68164415931166, 29.732137494637012, 35.17101079013795], [21.02379604162864, 34.48187929913333, 8.06225774829855, 11.180339887498949, 25.0, 30.4138126514911, 29.614185789921695, 18.027756377319946, 11.045361017187261, 29.120439557122072, 19.6468827043885, 10.295630140987, 36.124783736376884, 0, 22.561028345356956, 25.632011235952593, 7.0710678118654755, 8.246211251235321, 6.4031242374328485, 20.591260281974], [19.1049731745428, 14.422205101855956, 18.110770276274835, 13.038404810405298, 24.20743687382041, 16.0, 7.0710678118654755, 20.0, 12.529964086141668, 14.317821063276353, 22.02271554554524, 22.02271554554524, 19.6468827043885, 22.561028345356956, 0, 14.142135623730951, 29.274562336608895, 20.223748416156685, 17.029386365926403, 15.524174696260024], [31.76476034853718, 26.68332812825267, 25.612496949731394, 14.7648230602334, 37.12142238654117, 30.066592756745816, 15.811388300841896, 31.622776601683793, 15.264337522473747, 4.123105625617661, 33.83784863137726, 19.0, 33.13608305156178, 25.632011235952593, 14.142135623730951, 0, 32.57299494980466, 27.80287754891569, 23.021728866442675, 6.082762530298219], [24.08318915758459, 40.311288741492746, 12.529964086141668, 18.24828759089466, 26.92582403567252, 35.22782990761707, 36.345563690772494, 20.615528128088304, 18.110770276274835, 36.138621999185304, 21.633307652783937, 15.620499351813308, 41.048751503547585, 7.0710678118654755, 29.274562336608895, 32.57299494980466, 0, 11.40175425099138, 12.36931687685298, 27.313000567495326], [13.038404810405298, 29.410882339705484, 2.23606797749979, 13.45362404707371, 16.76305461424021, 23.853720883753127, 27.073972741361768, 9.848857801796104, 12.727922061357855, 30.528675044947494, 11.40175425099138, 17.26267650163207, 29.68164415931166, 8.246211251235321, 20.223748416156685, 27.80287754891569, 11.40175425099138, 0, 5.0, 24.08318915758459], [15.524174696260024, 28.178005607210743, 3.1622776601683795, 8.48528137423857, 20.09975124224178, 24.041630560342615, 24.08318915758459, 13.038404810405298, 7.810249675906654, 25.942243542145693, 15.0, 13.0, 29.732137494637012, 6.4031242374328485, 17.029386365926403, 23.021728866442675, 12.36931687685298, 5.0, 0, 19.1049731745428], [30.364452901377952, 29.546573405388315, 22.02271554554524, 10.63014581273465, 35.73513677041127, 31.25699921617557, 19.4164878389476, 29.546573405388315, 11.40175425099138, 10.198039027185569, 31.78049716414141, 13.038404810405298, 35.17101079013795, 20.591260281974, 15.524174696260024, 6.082762530298219, 27.313000567495326, 24.08318915758459, 19.1049731745428, 0]]
[[0, 17.72004514666935, 15.132745950421556, 13.038404810405298, 22.67156809750927, 26.832815729997478, 25.709920264364882, 10.63014581273465, 22.135943621178654, 18.027756377319946, 11.40175425099138, 10.770329614269007, 12.165525060596439, 21.587033144922902, 12.649110640673518, 21.93171219946131, 17.46424919657298, 11.704699910719626, 25.0, 29.206163733020468], [17.72004514666935, 0, 27.586228448267445, 17.88854381999832, 22.090722034374522, 29.427877939124322, 37.8021163428716, 16.401219466856727, 12.649110640673518, 29.206163733020468, 17.204650534085253, 21.587033144922902, 22.67156809750927, 34.058772731852805, 22.135943621178654, 5.0, 2.23606797749979, 21.840329667841555, 25.079872407968907, 28.0178514522438], [15.132745950421556, 27.586228448267445, 0, 28.160255680657446, 17.11724276862369, 16.64331697709324, 10.770329614269007, 11.40175425099138, 24.351591323771842, 3.1622776601683795, 10.816653826391969, 25.079872407968907, 5.0, 6.708203932499369, 27.073972741361768, 32.55764119219941, 28.42534080710379, 26.076809620810597, 17.72004514666935, 21.540659228538015], [13.038404810405298, 17.88854381999832, 28.160255680657446, 0, 33.1058907144937, 38.600518131237564, 38.63935817272331, 21.840329667841555, 28.284271247461902, 31.064449134018133, 22.80350850198276, 5.830951894845301, 25.019992006393608, 34.52535300326414, 5.0990195135927845, 19.4164878389476, 16.15549442140351, 5.385164807134504, 35.84689665786984, 39.81205847478876], [22.67156809750927, 22.090722034374522, 17.11724276862369, 33.1058907144937, 0, 7.615773105863909, 22.47220505424423, 12.041594578792296, 11.661903789690601, 16.0312195418814, 11.313708498984761, 33.015148038438355, 13.92838827718412, 20.396078054371138, 34.66987164671943, 26.476404589747453, 24.020824298928627, 33.83784863137726, 3.0, 6.708203932499369], [26.832815729997478, 29.427877939124322, 16.64331697709324, 38.600518131237564, 7.615773105863909, 0, 18.027756377319946, 16.76305461424021, 19.235384061671343, 14.317821063276353, 15.811388300841896, 37.57658845611187, 15.620499351813308, 17.26267650163207, 39.395431207184416, 33.95585369269929, 31.25699921617557, 38.48376280978771, 5.0, 6.082762530298219], [25.709920264364882, 37.8021163428716, 10.770329614269007, 38.63935817272331, 22.47220505424423, 18.027756377319946, 0, 21.400934559032695, 32.449961479175904, 8.602325267042627, 20.615528128088304, 35.05709628591621, 15.264337522473747, 4.123105625617661, 37.05401462729781, 42.80186911806539, 38.8329756778952, 36.05551275463989, 21.587033144922902, 24.08318915758459], [10.63014581273465, 16.401219466856727, 11.40175425099138, 21.840329667841555, 12.041594578792296, 16.76305461424021, 21.400934559032695, 0, 14.035668847618199, 12.806248474865697, 1.0, 21.095023109728988, 6.4031242374328485, 17.69180601295413, 22.825424421026653, 21.400934559032695, 17.4928556845359, 21.95449840010015, 14.422205101855956, 18.601075237738275], [22.135943621178654, 12.649110640673518, 24.351591323771842, 28.284271247461902, 11.661903789690601, 19.235384061671343, 32.449961479175904, 14.035668847618199, 0, 24.596747752497688, 14.142135623730951, 30.23243291566195, 19.6468827043885, 29.5296461204668, 31.400636936215164, 16.0312195418814, 14.866068747318506, 30.805843601498726, 14.317821063276353, 16.278820596099706], [18.027756377319946, 29.206163733020468, 3.1622776601683795, 31.064449134018133, 16.0312195418814, 14.317821063276353, 8.602325267042627, 12.806248474865697, 24.596747752497688, 0, 12.041594578792296, 28.160255680657446, 6.708203932499369, 5.0, 30.14962686336267, 34.20526275297414, 30.23243291566195, 29.154759474226502, 16.1245154965971, 19.6468827043885], [11.40175425099138, 17.204650534085253, 10.816653826391969, 22.80350850198276, 11.313708498984761, 15.811388300841896, 20.615528128088304, 1.0, 14.142135623730951, 12.041594578792296, 0, 21.95449840010015, 5.830951894845301, 16.97056274847714, 23.706539182259394, 22.20360331117452, 18.35755975068582, 22.825424421026653, 13.601470508735444, 17.804493814764857], [10.770329614269007, 21.587033144922902, 25.079872407968907, 5.830951894845301, 33.015148038438355, 37.57658845611187, 35.05709628591621, 21.095023109728988, 30.23243291566195, 28.160255680657446, 21.95449840010015, 0, 22.80350850198276, 31.016124838541646, 2.0, 24.020824298928627, 20.223748416156685, 1.0, 35.510561809129406, 39.66106403010388], [12.165525060596439, 22.67156809750927, 5.0, 25.019992006393608, 13.92838827718412, 15.620499351813308, 15.264337522473747, 6.4031242374328485, 19.6468827043885, 6.708203932499369, 5.830951894845301, 22.80350850198276, 0, 11.40175425099138, 24.73863375370596, 27.65863337187866, 23.600847442411894, 23.769728648009426, 15.264337522473747, 19.4164878389476], [21.587033144922902, 34.058772731852805, 6.708203932499369, 34.52535300326414, 20.396078054371138, 17.26267650163207, 4.123105625617661, 17.69180601295413, 29.5296461204668, 5.0, 16.97056274847714, 31.016124838541646, 11.40175425099138, 0, 33.015148038438355, 39.05124837953327, 35.0, 32.01562118716424, 20.024984394500787, 23.08679276123039], [12.649110640673518, 22.135943621178654, 27.073972741361768, 5.0990195135927845, 34.66987164671943, 39.395431207184416, 37.05401462729781, 22.825424421026653, 31.400636936215164, 30.14962686336267, 23.706539182259394, 2.0, 24.73863375370596, 33.015148038438355, 0, 24.186773244895647, 20.615528128088304, 1.0, 37.21558813185679, 41.340053217188775], [21.93171219946131, 5.0, 32.55764119219941, 19.4164878389476, 26.476404589747453, 33.95585369269929, 42.80186911806539, 21.400934559032695, 16.0312195418814, 34.20526275297414, 22.20360331117452, 24.020824298928627, 27.65863337187866, 39.05124837953327, 24.186773244895647, 0, 4.47213595499958, 24.08318915758459, 29.427877939124322, 32.0624390837628], [17.46424919657298, 2.23606797749979, 28.42534080710379, 16.15549442140351, 24.020824298928627, 31.25699921617557, 38.8329756778952, 17.4928556845359, 14.866068747318506, 30.23243291566195, 18.35755975068582, 20.223748416156685, 23.600847442411894, 35.0, 20.615528128088304, 4.47213595499958, 0, 20.396078054371138, 27.018512172212592, 30.066592756745816], [11.704699910719626, 21.840329667841555, 26.076809620810597, 5.385164807134504, 33.83784863137726, 38.48376280978771, 36.05551275463989, 21.95449840010015, 30.805843601498726, 29.154759474226502, 22.825424421026653, 1.0, 23.769728648009426, 32.01562118716424, 1.0, 24.08318915758459, 20.396078054371138, 0, 36.359317925395686, 40.496913462633174], [25.0, 25.079872407968907, 17.72004514666935, 35.84689665786984, 3.0, 5.0, 21.587033144922902, 14.422205101855956, 14.317821063276353, 16.1245154965971, 13.601470508735444, 35.510561809129406, 15.264337522473747, 20.024984394500787, 37.21558813185679, 29.427877939124322, 27.018512172212592, 36.359317925395686, 0, 4.242640687119285], [29.206163733020468, 28.0178514522438, 21.540659228538015, 39.81205847478876, 6.708203932499369, 6.082762530298219, 24.08318915758459, 18.601075237738275, 16.278820596099706, 19.6468827043885, 17.804493814764857, 39.66106403010388, 19.4164878389476, 23.08679276123039, 41.340053217188775, 32.0624390837628, 30.066592756745816, 40.496913462633174, 4.242640687119285, 0]]
[[0, 38.18376618407357, 26.1725046566048, 12.165525060596439, 27.018512172212592, 32.69556544854363, 31.064449134018133, 5.385164807134504, 24.041630560342615, 27.0, 29.120439557122072, 7.615773105863909, 29.832867780352597, 9.433981132056603, 20.223748416156685, 12.083045973594572, 15.524174696260024, 1.4142135623730951, 35.38361202590826, 27.294688127912362], [38.18376618407357, 0, 12.041594578792296, 29.154759474226502, 11.661903789690601, 14.317821063276353, 25.317977802344327, 36.40054944640259, 14.142135623730951, 27.0, 19.026297590440446, 41.617304093369626, 8.94427190999916, 47.4236228055175, 30.805843601498726, 35.77708763999664, 33.24154027718932, 38.2099463490856, 3.1622776601683795, 31.0], [26.1725046566048, 12.041594578792296, 0, 17.46424919657298, 2.23606797749979, 13.416407864998739, 21.400934559032695, 24.698178070456937, 2.23606797749979, 21.02379604162864, 13.45362404707371, 30.01666203960727, 4.123105625617661, 35.38361202590826, 22.090722034374522, 24.351591323771842, 23.194827009486403, 26.248809496813376, 9.219544457292887, 23.40939982143925], [12.165525060596439, 29.154759474226502, 17.46424919657298, 0, 17.4928556845359, 28.0178514522438, 30.675723300355934, 14.317821063276353, 15.811388300841896, 27.730849247724095, 17.08800749063506, 19.026297590440446, 20.248456731316587, 19.72308292331602, 23.430749027719962, 7.0710678118654755, 20.615528128088304, 13.038404810405298, 26.076809620810597, 16.15549442140351], [27.018512172212592, 11.661903789690601, 2.23606797749979, 17.4928556845359, 0, 15.264337522473747, 23.600847442411894, 25.942243542145693, 4.0, 23.259406699226016, 11.40175425099138, 31.304951684997057, 2.8284271247461903, 36.069377593742864, 24.186773244895647, 24.166091947189145, 25.079872407968907, 27.202941017470888, 8.602325267042627, 21.840329667841555], [32.69556544854363, 14.317821063276353, 13.416407864998739, 28.0178514522438, 15.264337522473747, 0, 11.045361017187261, 29.154759474226502, 13.601470508735444, 13.341664064126334, 26.627053911388696, 33.60059523282288, 14.866068747318506, 42.04759208325728, 18.867962264113206, 35.05709628591621, 22.67156809750927, 32.202484376209235, 14.317821063276353, 36.76955262170047], [31.064449134018133, 25.317977802344327, 21.400934559032695, 30.675723300355934, 23.600847442411894, 11.045361017187261, 0, 26.30589287593181, 20.518284528683193, 4.47213595499958, 34.713109915419565, 29.410882339705484, 24.186773244895647, 39.6232255123179, 12.083045973594572, 37.107950630558946, 17.08800749063506, 30.14962686336267, 25.0, 43.01162633521314], [5.385164807134504, 36.40054944640259, 24.698178070456937, 14.317821063276353, 25.942243542145693, 29.154759474226502, 26.30589287593181, 0, 22.47220505424423, 22.090722034374522, 30.14962686336267, 5.385164807134504, 28.653097563788805, 13.341664064126334, 15.033296378372908, 16.401219466856727, 10.198039027185569, 4.123105625617661, 33.83784863137726, 30.364452901377952], [24.041630560342615, 14.142135623730951, 2.23606797749979, 15.811388300841896, 4.0, 13.601470508735444, 20.518284528683193, 22.47220505424423, 0, 19.72308292331602, 14.212670403551895, 27.784887978899608, 6.324555320336759, 33.301651610693426, 20.223748416156685, 22.80350850198276, 21.095023109728988, 24.08318915758459, 11.40175425099138, 23.259406699226016], [27.0, 27.0, 21.02379604162864, 27.730849247724095, 23.259406699226016, 13.341664064126334, 4.47213595499958, 22.090722034374522, 19.72308292331602, 0, 33.83784863137726, 25.0, 24.351591323771842, 35.35533905932738, 7.615773105863909, 33.83784863137726, 12.649110640673518, 26.019223662515376, 26.1725046566048, 41.10960958218893], [29.120439557122072, 19.026297590440446, 13.45362404707371, 17.08800749063506, 11.40175425099138, 26.627053911388696, 34.713109915419565, 30.14962686336267, 14.212670403551895, 33.83784863137726, 0, 35.35533905932738, 12.083045973594572, 36.6742416417845, 33.24154027718932, 21.400934559032695, 32.7566787083184, 29.832867780352597, 16.1245154965971, 12.041594578792296], [7.615773105863909, 41.617304093369626, 30.01666203960727, 19.026297590440446, 31.304951684997057, 33.60059523282288, 29.410882339705484, 5.385164807134504, 27.784887978899608, 25.0, 35.35533905932738, 0, 34.0, 11.180339887498949, 17.46424919657298, 19.697715603592208, 12.36931687685298, 6.324555320336759, 39.11521443121589, 34.713109915419565], [29.832867780352597, 8.94427190999916, 4.123105625617661, 20.248456731316587, 2.8284271247461903, 14.866068747318506, 24.186773244895647, 28.653097563788805, 6.324555320336759, 24.351591323771842, 12.083045973594572, 34.0, 0, 38.897300677553446, 26.019223662515376, 26.832815729997478, 27.294688127912362, 30.0, 5.830951894845301, 23.345235059857504], [9.433981132056603, 47.4236228055175, 35.38361202590826, 19.72308292331602, 36.069377593742864, 42.04759208325728, 39.6232255123179, 13.341664064126334, 33.301651610693426, 35.35533905932738, 36.6742416417845, 11.180339887498949, 38.897300677553446, 0, 28.071337695236398, 16.278820596099706, 23.021728866442675, 9.848857801796104, 44.553338819890925, 32.2490309931942], [20.223748416156685, 30.805843601498726, 22.090722034374522, 23.430749027719962, 24.186773244895647, 18.867962264113206, 12.083045973594572, 15.033296378372908, 20.223748416156685, 7.615773105863909, 33.24154027718932, 17.46424919657298, 26.019223662515376, 28.071337695236398, 0, 28.653097563788805, 5.0990195135927845, 19.1049731745428, 29.274562336608895, 38.41874542459709], [12.083045973594572, 35.77708763999664, 24.351591323771842, 7.0710678118654755, 24.166091947189145, 35.05709628591621, 37.107950630558946, 16.401219466856727, 22.80350850198276, 33.83784863137726, 21.400934559032695, 19.697715603592208, 26.832815729997478, 16.278820596099706, 28.653097563788805, 0, 25.0, 13.416407864998739, 32.64965543462902, 16.0312195418814], [15.524174696260024, 33.24154027718932, 23.194827009486403, 20.615528128088304, 25.079872407968907, 22.67156809750927, 17.08800749063506, 10.198039027185569, 21.095023109728988, 12.649110640673518, 32.7566787083184, 12.36931687685298, 27.294688127912362, 23.021728866442675, 5.0990195135927845, 25.0, 0, 14.317821063276353, 31.32091952673165, 36.359317925395686], [1.4142135623730951, 38.2099463490856, 26.248809496813376, 13.038404810405298, 27.202941017470888, 32.202484376209235, 30.14962686336267, 4.123105625617661, 24.08318915758459, 26.019223662515376, 29.832867780352597, 6.324555320336759, 30.0, 9.848857801796104, 19.1049731745428, 13.416407864998739, 14.317821063276353, 0, 35.4682957019364, 28.442925306655784], [35.38361202590826, 3.1622776601683795, 9.219544457292887, 26.076809620810597, 8.602325267042627, 14.317821063276353, 25.0, 33.83784863137726, 11.40175425099138, 26.1725046566048, 16.1245154965971, 39.11521443121589, 5.830951894845301, 44.553338819890925, 29.274562336608895, 32.64965543462902, 31.32091952673165, 35.4682957019364, 0, 28.0178514522438], [27.294688127912362, 31.0, 23.40939982143925, 16.15549442140351, 21.840329667841555, 36.76955262170047, 43.01162633521314, 30.364452901377952, 23.259406699226016, 41.10960958218893, 12.041594578792296, 34.713109915419565, 23.345235059857504, 32.2490309931942, 38.41874542459709, 16.0312195418814, 36.359317925395686, 28.442925306655784, 28.0178514522438, 0]]
[[0, 13.892443989449804, 24.515301344262525, 34.48187929913333, 20.0, 5.0, 30.463092423455635, 35.4682957019364, 31.144823004794873, 20.09975124224178, 33.13608305156178, 31.38470965295043, 32.7566787083184, 33.97057550292606, 22.090722034374522, 5.385164807134504, 20.0, 32.14031735997639, 12.041594578792296, 15.524174696260024], [13.892443989449804, 0, 16.97056274847714, 30.0, 19.4164878389476, 15.297058540778355, 24.839484696748443, 35.73513677041127, 19.4164878389476, 28.792360097775937, 23.259406699226016, 34.23448553724738, 24.413111231467404, 33.83784863137726, 32.202484376209235, 17.72004514666935, 19.4164878389476, 20.396078054371138, 15.297058540778355, 11.40175425099138], [24.515301344262525, 16.97056274847714, 0, 13.416407864998739, 10.63014581273465, 28.460498941515414, 8.06225774829855, 22.02271554554524, 10.63014581273465, 26.627053911388696, 9.219544457292887, 23.40939982143925, 8.246211251235321, 20.024984394500787, 31.064449134018133, 29.832867780352597, 10.63014581273465, 11.313708498984761, 15.297058540778355, 9.055385138137417], [34.48187929913333, 30.0, 13.416407864998739, 0, 14.866068747318506, 39.11521443121589, 5.385164807134504, 12.206555615733702, 20.024984394500787, 28.160255680657446, 14.317821063276353, 17.204650534085253, 10.198039027185569, 10.63014581273465, 32.38826948140329, 39.824615503479755, 14.866068747318506, 20.09975124224178, 22.847319317591726, 19.849433241279208], [20.0, 19.4164878389476, 10.63014581273465, 14.866068747318506, 0, 24.839484696748443, 12.0, 16.55294535724685, 21.213203435596427, 16.1245154965971, 19.235384061671343, 15.0, 16.76305461424021, 14.7648230602334, 20.591260281974, 25.238858928247925, 0.0, 21.93171219946131, 8.06225774829855, 8.06225774829855], [5.0, 15.297058540778355, 28.460498941515414, 39.11521443121589, 24.839484696748443, 0, 34.88552708502482, 40.45985664828782, 34.0147027033899, 24.515301344262525, 36.6742416417845, 36.359317925395686, 36.68787265568828, 38.948684188300895, 26.019223662515376, 2.8284271247461903, 24.839484696748443, 35.014282800023196, 16.97056274847714, 19.697715603592208], [30.463092423455635, 24.839484696748443, 8.06225774829855, 5.385164807134504, 12.0, 34.88552708502482, 0, 15.811388300841896, 15.297058540778355, 27.202941017470888, 10.295630140987, 19.209372712298546, 6.4031242374328485, 13.92838827718412, 31.622776601683793, 35.84689665786984, 12.0, 15.524174696260024, 19.4164878389476, 15.264337522473747], [35.4682957019364, 35.73513677041127, 22.02271554554524, 12.206555615733702, 16.55294535724685, 40.45985664828782, 15.811388300841896, 0, 31.04834939252005, 22.135943621178654, 26.0, 7.0, 21.93171219946131, 2.0, 25.495097567963924, 40.311288741492746, 16.55294535724685, 31.32091952673165, 23.600847442411894, 24.351591323771842], [31.144823004794873, 19.4164878389476, 10.63014581273465, 20.024984394500787, 21.213203435596427, 34.0147027033899, 15.297058540778355, 31.04834939252005, 0, 37.013511046643494, 6.324555320336759, 33.54101966249684, 10.04987562112089, 29.120439557122072, 41.400483088968905, 36.013886210738214, 21.213203435596427, 1.0, 24.596747752497688, 17.46424919657298], [20.09975124224178, 28.792360097775937, 26.627053911388696, 28.160255680657446, 16.1245154965971, 24.515301344262525, 27.202941017470888, 22.135943621178654, 37.013511046643494, 0, 35.35533905932738, 15.652475842498529, 32.69556544854363, 21.587033144922902, 4.47213595499958, 23.08679276123039, 16.1245154965971, 37.8021163428716, 13.892443989449804, 20.615528128088304], [33.13608305156178, 23.259406699226016, 9.219544457292887, 14.317821063276353, 19.235384061671343, 36.6742416417845, 10.295630140987, 26.0, 6.324555320336759, 35.35533905932738, 0, 29.410882339705484, 4.123105625617661, 24.166091947189145, 39.824615503479755, 38.3275357934736, 19.235384061671343, 6.082762530298219, 24.515301344262525, 18.027756377319946], [31.38470965295043, 34.23448553724738, 23.40939982143925, 17.204650534085253, 15.0, 36.359317925395686, 19.209372712298546, 7.0, 33.54101966249684, 15.652475842498529, 29.410882339705484, 0, 25.612496949731394, 7.280109889280518, 18.681541692269406, 35.805027579936315, 15.0, 34.0, 20.248456731316587, 23.021728866442675], [32.7566787083184, 24.413111231467404, 8.246211251235321, 10.198039027185569, 16.76305461424021, 36.68787265568828, 6.4031242374328485, 21.93171219946131, 10.04987562112089, 32.69556544854363, 4.123105625617661, 25.612496949731394, 0, 20.12461179749811, 37.16180835212409, 38.07886552931954, 16.76305461424021, 10.0, 23.021728866442675, 17.26267650163207], [33.97057550292606, 33.83784863137726, 20.024984394500787, 10.63014581273465, 14.7648230602334, 38.948684188300895, 13.92838827718412, 2.0, 29.120439557122072, 21.587033144922902, 24.166091947189145, 7.280109889280518, 20.12461179749811, 0, 25.179356624028344, 38.897300677553446, 14.7648230602334, 29.410882339705484, 22.02271554554524, 22.47220505424423], [22.090722034374522, 32.202484376209235, 31.064449134018133, 32.38826948140329, 20.591260281974, 26.019223662515376, 31.622776601683793, 25.495097567963924, 41.400483088968905, 4.47213595499958, 39.824615503479755, 18.681541692269406, 37.16180835212409, 25.179356624028344, 0, 24.186773244895647, 20.591260281974, 42.20189569201838, 17.804493814764857, 24.758836806279895], [5.385164807134504, 17.72004514666935, 29.832867780352597, 39.824615503479755, 25.238858928247925, 2.8284271247461903, 35.84689665786984, 40.311288741492746, 36.013886210738214, 23.08679276123039, 38.3275357934736, 35.805027579936315, 38.07886552931954, 38.897300677553446, 24.186773244895647, 0, 25.238858928247925, 37.013511046643494, 17.204650534085253, 20.8806130178211], [20.0, 19.4164878389476, 10.63014581273465, 14.866068747318506, 0.0, 24.839484696748443, 12.0, 16.55294535724685, 21.213203435596427, 16.1245154965971, 19.235384061671343, 15.0, 16.76305461424021, 14.7648230602334, 20.591260281974, 25.238858928247925, 0, 21.93171219946131, 8.06225774829855, 8.06225774829855], [32.14031735997639, 20.396078054371138, 11.313708498984761, 20.09975124224178, 21.93171219946131, 35.014282800023196, 15.524174696260024, 31.32091952673165, 1.0, 37.8021163428716, 6.082762530298219, 34.0, 10.0, 29.410882339705484, 42.20189569201838, 37.013511046643494, 21.93171219946131, 0, 25.495097567963924, 18.384776310850235], [12.041594578792296, 15.297058540778355, 15.297058540778355, 22.847319317591726, 8.06225774829855, 16.97056274847714, 19.4164878389476, 23.600847442411894, 24.596747752497688, 13.892443989449804, 24.515301344262525, 20.248456731316587, 23.021728866442675, 22.02271554554524, 17.804493814764857, 17.204650534085253, 8.06225774829855, 25.495097567963924, 0, 7.211102550927978], [15.524174696260024, 11.40175425099138, 9.055385138137417, 19.849433241279208, 8.06225774829855, 19.697715603592208, 15.264337522473747, 24.351591323771842, 17.46424919657298, 20.615528128088304, 18.027756377319946, 23.021728866442675, 17.26267650163207, 22.47220505424423, 24.758836806279895, 20.8806130178211, 8.06225774829855, 18.384776310850235, 7.211102550927978, 0]]
[[0, 28.0178514522438, 18.601075237738275, 22.20360331117452, 30.0, 18.384776310850235, 15.033296378372908, 20.12461179749811, 15.0, 13.892443989449804, 22.80350850198276, 24.351591323771842, 24.758836806279895, 21.93171219946131, 29.410882339705484, 22.47220505424423, 36.71511950137164, 30.479501308256342, 23.259406699226016, 25.96150997149434], [28.0178514522438, 0, 17.69180601295413, 15.620499351813308, 19.4164878389476, 13.601470508735444, 31.38470965295043, 12.806248474865697, 23.021728866442675, 17.88854381999832, 9.219544457292887, 8.602325267042627, 20.591260281974, 19.849433241279208, 16.492422502470642, 9.899494936611665, 17.46424919657298, 21.587033144922902, 11.40175425099138, 6.708203932499369], [18.601075237738275, 17.69180601295413, 0, 24.186773244895647, 11.40175425099138, 4.47213595499958, 14.560219778561036, 20.223748416156685, 6.082762530298219, 5.0, 8.602325267042627, 20.615528128088304, 6.708203932499369, 27.0, 29.410882339705484, 19.924858845171276, 33.61547262794322, 12.041594578792296, 21.840329667841555, 20.591260281974], [22.20360331117452, 15.620499351813308, 24.186773244895647, 0, 31.575306807693888, 20.024984394500787, 32.7566787083184, 4.0, 26.570660511172846, 20.8806130178211, 19.4164878389476, 7.0710678118654755, 30.0, 4.242640687119285, 7.211102550927978, 5.830951894845301, 14.866068747318506, 33.37663853655727, 4.242640687119285, 9.219544457292887], [30.0, 19.4164878389476, 11.40175425099138, 31.575306807693888, 0, 13.038404810405298, 23.194827009486403, 27.65863337187866, 16.15549442140351, 16.278820596099706, 12.165525060596439, 26.019223662515376, 6.082762530298219, 35.17101079013795, 35.0, 26.1725046566048, 36.87817782917155, 2.23606797749979, 28.160255680657446, 25.019992006393608], [18.384776310850235, 13.601470508735444, 4.47213595499958, 20.024984394500787, 13.038404810405298, 0, 17.88854381999832, 16.0312195418814, 9.433981132056603, 5.0, 5.0990195135927845, 16.15549442140351, 10.04987562112089, 23.08679276123039, 25.0, 15.524174696260024, 29.154759474226502, 14.317821063276353, 17.46424919657298, 16.1245154965971], [15.033296378372908, 31.38470965295043, 14.560219778561036, 32.7566787083184, 23.194827009486403, 17.88854381999832, 0, 29.410882339705484, 8.54400374531753, 13.601470508735444, 22.847319317591726, 31.827660925679098, 17.11724276862369, 34.0147027033899, 39.408120990476064, 30.479501308256342, 45.27692569068709, 22.561028345356956, 32.01562118716424, 32.55764119219941], [20.12461179749811, 12.806248474865697, 20.223748416156685, 4.0, 27.65863337187866, 16.0312195418814, 29.410882339705484, 0, 22.847319317591726, 17.08800749063506, 15.524174696260024, 5.0990195135927845, 26.0, 7.615773105863909, 10.0, 3.1622776601683795, 16.64331697709324, 29.427877939124322, 3.1622776601683795, 7.280109889280518], [15.0, 23.021728866442675, 6.082762530298219, 26.570660511172846, 16.15549442140351, 9.433981132056603, 8.54400374531753, 22.847319317591726, 0, 5.830951894845301, 14.317821063276353, 24.413111231467404, 10.295630140987, 28.635642126552707, 32.64965543462902, 23.323807579381203, 37.8021163428716, 16.1245154965971, 25.059928172283335, 24.839484696748443], [13.892443989449804, 17.88854381999832, 5.0, 20.8806130178211, 16.278820596099706, 5.0, 13.601470508735444, 17.08800749063506, 5.830951894845301, 0, 10.04987562112089, 18.601075237738275, 11.661903789690601, 23.194827009486403, 26.832815729997478, 17.4928556845359, 32.01562118716424, 17.029386365926403, 19.235384061671343, 19.1049731745428], [22.80350850198276, 9.219544457292887, 8.602325267042627, 19.4164878389476, 12.165525060596439, 5.0990195135927845, 22.847319317591726, 15.524174696260024, 14.317821063276353, 10.04987562112089, 0, 14.035668847618199, 11.704699910719626, 23.08679276123039, 23.08679276123039, 14.035668847618199, 26.0, 14.035668847618199, 16.0312195418814, 13.341664064126334], [24.351591323771842, 8.602325267042627, 20.615528128088304, 7.0710678118654755, 26.019223662515376, 16.15549442140351, 31.827660925679098, 5.0990195135927845, 24.413111231467404, 18.601075237738275, 14.035668847618199, 0, 25.495097567963924, 11.313708498984761, 9.055385138137417, 2.0, 13.45362404707371, 28.0, 2.8284271247461903, 2.23606797749979], [24.758836806279895, 20.591260281974, 6.708203932499369, 30.0, 6.082762530298219, 10.04987562112089, 17.11724276862369, 26.0, 10.295630140987, 11.661903789690601, 11.704699910719626, 25.495097567963924, 0, 33.13608305156178, 34.52535300326414, 25.179356624028344, 37.69615364994153, 5.830951894845301, 27.16615541441225, 25.0], [21.93171219946131, 19.849433241279208, 27.0, 4.242640687119285, 35.17101079013795, 23.08679276123039, 34.0147027033899, 7.615773105863909, 28.635642126552707, 23.194827009486403, 23.08679276123039, 11.313708498984761, 33.13608305156178, 0, 9.055385138137417, 10.0, 17.11724276862369, 36.87817782917155, 8.48528137423857, 13.45362404707371], [29.410882339705484, 16.492422502470642, 29.410882339705484, 7.211102550927978, 35.0, 25.0, 39.408120990476064, 10.0, 32.64965543462902, 26.832815729997478, 23.08679276123039, 9.055385138137417, 34.52535300326414, 9.055385138137417, 0, 9.486832980505138, 8.06225774829855, 37.013511046643494, 7.615773105863909, 10.04987562112089], [22.47220505424423, 9.899494936611665, 19.924858845171276, 5.830951894845301, 26.1725046566048, 15.524174696260024, 30.479501308256342, 3.1622776601683795, 23.323807579381203, 17.4928556845359, 14.035668847618199, 2.0, 25.179356624028344, 10.0, 9.486832980505138, 0, 14.866068747318506, 28.071337695236398, 2.0, 4.123105625617661], [36.71511950137164, 17.46424919657298, 33.61547262794322, 14.866068747318506, 36.87817782917155, 29.154759474226502, 45.27692569068709, 16.64331697709324, 37.8021163428716, 32.01562118716424, 26.0, 13.45362404707371, 37.69615364994153, 17.11724276862369, 8.06225774829855, 14.866068747318506, 0, 39.05124837953327, 13.601470508735444, 13.038404810405298], [30.479501308256342, 21.587033144922902, 12.041594578792296, 33.37663853655727, 2.23606797749979, 14.317821063276353, 22.561028345356956, 29.427877939124322, 16.1245154965971, 17.029386365926403, 14.035668847618199, 28.0, 5.830951894845301, 36.87817782917155, 37.013511046643494, 28.071337695236398, 39.05124837953327, 0, 30.066592756745816, 27.073972741361768], [23.259406699226016, 11.40175425099138, 21.840329667841555, 4.242640687119285, 28.160255680657446, 17.46424919657298, 32.01562118716424, 3.1622776601683795, 25.059928172283335, 19.235384061671343, 16.0312195418814, 2.8284271247461903, 27.16615541441225, 8.48528137423857, 7.615773105863909, 2.0, 13.601470508735444, 30.066592756745816, 0, 5.0], [25.96150997149434, 6.708203932499369, 20.591260281974, 9.219544457292887, 25.019992006393608, 16.1245154965971, 32.55764119219941, 7.280109889280518, 24.839484696748443, 19.1049731745428, 13.341664064126334, 2.23606797749979, 25.0, 13.45362404707371, 10.04987562112089, 4.123105625617661, 13.038404810405298, 27.073972741361768, 5.0, 0]]
