[[0, 30.14962686336267, 20.248456731316587, 21.840329667841555, 31.622776601683793, 35.510561809129406, 34.52535300326414, 15.264337522473747, 11.40175425099138, 23.323807579381203, 12.806248474865697, 25.179356624028344, 17.204650534085253, 9.899494936611665], [30.14962686336267, 0, 27.586228448267445, 12.727922061357855, 13.0, 16.0, 5.0, 24.166091947189145, 19.0, 18.027756377319946, 22.825424421026653, 7.810249675906654, 20.615528128088304, 23.345235059857504], [20.248456731316587, 27.586228448267445, 0, 14.866068747318506, 20.248456731316587, 40.70626487409524, 32.526911934581186, 30.14962686336267, 20.0, 10.295630140987, 9.055385138137417, 19.79898987322333, 7.615773105863909, 24.331050121192877], [21.840329667841555, 12.727922061357855, 14.866068747318506, 0, 9.848857801796104, 26.570660511172846, 17.69180601295413, 23.021728866442675, 13.45362404707371, 6.082762530298219, 11.180339887498949, 5.0, 8.06225774829855, 19.1049731745428], [31.622776601683793, 13.0, 20.248456731316587, 9.848857801796104, 0, 29.0, 16.492422502470642, 31.827660925679098, 23.021728866442675, 10.198039027185569, 20.09975124224178, 8.602325267042627, 16.0, 28.600699292150182], [35.510561809129406, 16.0, 40.70626487409524, 26.570660511172846, 29.0, 0, 13.601470508735444, 22.80350850198276, 24.839484696748443, 32.57299494980466, 33.60059523282288, 22.561028345356956, 33.12099032335839, 25.942243542145693], [34.52535300326414, 5.0, 32.526911934581186, 17.69180601295413, 16.492422502470642, 13.601470508735444, 0, 26.92582403567252, 23.194827009486403, 22.80350850198276, 27.784887978899608, 12.727922061357855, 25.612496949731394, 27.018512172212592], [15.264337522473747, 24.166091947189145, 30.14962686336267, 23.021728866442675, 31.827660925679098, 22.80350850198276, 26.92582403567252, 0, 10.44030650891055, 27.730849247724095, 21.095023109728988, 23.345235059857504, 23.769728648009426, 6.082762530298219], [11.40175425099138, 19.0, 20.0, 13.45362404707371, 23.021728866442675, 24.839484696748443, 23.194827009486403, 10.44030650891055, 0, 17.4928556845359, 11.045361017187261, 15.231546211727817, 13.341664064126334, 5.656854249492381], [23.323807579381203, 18.027756377319946, 10.295630140987, 6.082762530298219, 10.198039027185569, 32.57299494980466, 22.80350850198276, 27.730849247724095, 17.4928556845359, 0, 10.770329614269007, 10.295630140987, 6.324555320336759, 23.021728866442675], [12.806248474865697, 22.825424421026653, 9.055385138137417, 11.180339887498949, 20.09975124224178, 33.60059523282288, 27.784887978899608, 21.095023109728988, 11.045361017187261, 10.770329614269007, 0, 15.811388300841896, 4.47213595499958, 15.297058540778355], [25.179356624028344, 7.810249675906654, 19.79898987322333, 5.0, 8.602325267042627, 22.561028345356956, 12.727922061357855, 23.345235059857504, 15.231546211727817, 10.295630140987, 15.811388300841896, 0, 13.038404810405298, 20.591260281974], [17.204650534085253, 20.615528128088304, 7.615773105863909, 8.06225774829855, 16.0, 33.12099032335839, 25.612496949731394, 23.769728648009426, 13.341664064126334, 6.324555320336759, 4.47213595499958, 13.038404810405298, 0, 18.384776310850235], [9.899494936611665, 23.345235059857504, 24.331050121192877, 19.1049731745428, 28.600699292150182, 25.942243542145693, 27.018512172212592, 6.082762530298219, 5.656854249492381, 23.021728866442675, 15.297058540778355, 20.591260281974, 18.384776310850235, 0]]
[[0, 14.317821063276353, 12.083045973594572, 25.079872407968907, 5.0, 34.92849839314596, 23.323807579381203, 42.80186911806539, 8.54400374531753, 26.40075756488817, 23.08679276123039, 20.396078054371138, 10.198039027185569, 23.259406699226016], [14.317821063276353, 0, 20.615528128088304, 31.240998703626616, 14.142135623730951, 29.0, 31.064449134018133, 33.24154027718932, 6.0, 21.213203435596427, 10.295630140987, 6.082762530298219, 4.123105625617661, 9.899494936611665], [12.083045973594572, 20.615528128088304, 0, 13.0, 7.810249675906654, 28.319604517012593, 11.40175425099138, 38.600518131237564, 15.264337522473747, 20.615528128088304, 30.870698080866262, 25.96150997149434, 17.4928556845359, 26.019223662515376], [25.079872407968907, 31.240998703626616, 13.0, 0, 20.591260281974, 25.632011235952593, 3.605551275463989, 37.64306044943742, 26.90724809414742, 21.02379604162864, 41.400483088968905, 35.510561809129406, 29.0, 33.61547262794322], [5.0, 14.142135623730951, 7.810249675906654, 20.591260281974, 0, 30.4138126514911, 19.209372712298546, 38.948684188300895, 8.246211251235321, 21.95449840010015, 24.041630560342615, 20.024984394500787, 10.44030650891055, 21.587033144922902], [34.92849839314596, 29.0, 28.319604517012593, 25.632011235952593, 30.4138126514911, 0, 28.635642126552707, 12.165525060596439, 29.614185789921695, 8.54400374531753, 35.17101079013795, 28.635642126552707, 30.265491900843113, 23.08679276123039], [23.323807579381203, 31.064449134018133, 11.40175425099138, 3.605551275463989, 19.209372712298546, 28.635642126552707, 0, 40.496913462633174, 26.248809496813376, 23.345235059857504, 41.340053217188775, 35.77708763999664, 28.42534080710379, 34.48187929913333], [42.80186911806539, 33.24154027718932, 38.600518131237564, 37.64306044943742, 38.948684188300895, 12.165525060596439, 40.496913462633174, 0, 35.84689665786984, 18.027756377319946, 36.124783736376884, 30.59411708155671, 35.77708763999664, 24.515301344262525], [8.54400374531753, 6.0, 15.264337522473747, 26.90724809414742, 8.246211251235321, 29.614185789921695, 26.248809496813376, 35.84689665786984, 0, 21.213203435596427, 15.811388300841896, 12.041594578792296, 2.23606797749979, 14.7648230602334], [26.40075756488817, 21.213203435596427, 20.615528128088304, 21.02379604162864, 21.95449840010015, 8.54400374531753, 23.345235059857504, 18.027756377319946, 21.213203435596427, 0, 28.635642126552707, 21.93171219946131, 22.02271554554524, 17.204650534085253], [23.08679276123039, 10.295630140987, 30.870698080866262, 41.400483088968905, 24.041630560342615, 35.17101079013795, 41.340053217188775, 36.124783736376884, 15.811388300841896, 28.635642126552707, 0, 6.708203932499369, 13.601470508735444, 12.165525060596439], [20.396078054371138, 6.082762530298219, 25.96150997149434, 35.510561809129406, 20.024984394500787, 28.635642126552707, 35.77708763999664, 30.59411708155671, 12.041594578792296, 21.93171219946131, 6.708203932499369, 0, 10.198039027185569, 6.082762530298219], [10.198039027185569, 4.123105625617661, 17.4928556845359, 29.0, 10.44030650891055, 30.265491900843113, 28.42534080710379, 35.77708763999664, 2.23606797749979, 22.02271554554524, 13.601470508735444, 10.198039027185569, 0, 13.601470508735444], [23.259406699226016, 9.899494936611665, 26.019223662515376, 33.61547262794322, 21.587033144922902, 23.08679276123039, 34.48187929913333, 24.515301344262525, 14.7648230602334, 17.204650534085253, 12.165525060596439, 6.082762530298219, 13.601470508735444, 0]]
[[0, 3.605551275463989, 11.704699910719626, 24.186773244895647, 30.528675044947494, 10.0, 14.142135623730951, 27.294688127912362, 17.69180601295413, 24.758836806279895, 21.18962010041709, 25.495097567963924, 26.476404589747453, 6.0], [3.605551275463989, 0, 14.7648230602334, 20.591260281974, 26.92582403567252, 8.54400374531753, 16.76305461424021, 24.08318915758459, 17.204650534085253, 21.2602916254693, 18.439088914585774, 22.20360331117452, 23.194827009486403, 5.0], [11.704699910719626, 14.7648230602334, 0, 33.97057550292606, 40.36087214122113, 21.37755832643195, 3.605551275463989, 34.438350715445125, 17.029386365926403, 35.805027579936315, 32.89376840679705, 33.12099032335839, 34.0, 17.46424919657298], [24.186773244895647, 20.591260281974, 33.97057550292606, 0, 6.4031242374328485, 21.095023109728988, 34.713109915419565, 10.0, 25.298221281347036, 7.211102550927978, 16.1245154965971, 8.06225774829855, 8.602325267042627, 21.840329667841555], [30.528675044947494, 26.92582403567252, 40.36087214122113, 6.4031242374328485, 0, 26.68332812825267, 41.036569057366385, 12.041594578792296, 30.870698080866262, 9.219544457292887, 19.4164878389476, 11.045361017187261, 11.0, 27.85677655436824], [10.0, 8.54400374531753, 21.37755832643195, 21.095023109728988, 26.68332812825267, 0, 24.08318915758459, 27.65863337187866, 25.553864678361276, 18.788294228055936, 12.206555615733702, 25.495097567963924, 26.476404589747453, 4.0], [14.142135623730951, 16.76305461424021, 3.605551275463989, 34.713109915419565, 41.036569057366385, 24.08318915758459, 0, 34.132096331752024, 15.132745950421556, 37.21558813185679, 35.17101079013795, 33.015148038438355, 33.83784863137726, 20.09975124224178], [27.294688127912362, 24.08318915758459, 34.438350715445125, 10.0, 12.041594578792296, 27.65863337187866, 34.132096331752024, 0, 21.2602916254693, 17.204650534085253, 25.612496949731394, 2.23606797749979, 1.4142135623730951, 27.073972741361768], [17.69180601295413, 17.204650534085253, 17.029386365926403, 25.298221281347036, 30.870698080866262, 25.553864678361276, 15.132745950421556, 21.2602916254693, 0, 30.265491900843113, 32.55764119219941, 20.808652046684813, 21.400934559032695, 22.20360331117452], [24.758836806279895, 21.2602916254693, 35.805027579936315, 7.211102550927978, 9.219544457292887, 18.788294228055936, 37.21558813185679, 17.204650534085253, 30.265491900843113, 0, 10.198039027185569, 15.264337522473747, 15.811388300841896, 20.808652046684813], [21.18962010041709, 18.439088914585774, 32.89376840679705, 16.1245154965971, 19.4164878389476, 12.206555615733702, 35.17101079013795, 25.612496949731394, 32.55764119219941, 10.198039027185569, 0, 23.430749027719962, 24.20743687382041, 15.652475842498529], [25.495097567963924, 22.20360331117452, 33.12099032335839, 8.06225774829855, 11.045361017187261, 25.495097567963924, 33.015148038438355, 2.23606797749979, 20.808652046684813, 15.264337522473747, 23.430749027719962, 0, 1.0, 25.019992006393608], [26.476404589747453, 23.194827009486403, 34.0, 8.602325267042627, 11.0, 26.476404589747453, 33.83784863137726, 1.4142135623730951, 21.400934559032695, 15.811388300841896, 24.20743687382041, 1.0, 0, 26.019223662515376], [6.0, 5.0, 17.46424919657298, 21.840329667841555, 27.85677655436824, 4.0, 20.09975124224178, 27.073972741361768, 22.20360331117452, 20.808652046684813, 15.652475842498529, 25.019992006393608, 26.019223662515376, 0]]
[[0, 26.019223662515376, 15.132745950421556, 15.264337522473747, 33.94112549695428, 3.0, 33.95585369269929, 29.5296461204668, 36.138621999185304, 14.866068747318506, 18.439088914585774, 10.770329614269007, 25.709920264364882, 8.246211251235321], [26.019223662515376, 0, 11.045361017187261, 22.80350850198276, 25.079872407968907, 26.30589287593181, 48.08326112068523, 15.0, 50.20956084253277, 38.600518131237564, 20.518284528683193, 16.76305461424021, 32.802438933713454, 34.132096331752024], [15.132745950421556, 11.045361017187261, 0, 16.55294535724685, 27.51363298439521, 15.811388300841896, 41.88078318274385, 19.4164878389476, 44.10215414239989, 28.635642126552707, 16.278820596099706, 7.810249675906654, 28.460498941515414, 23.345235059857504], [15.264337522473747, 22.80350850198276, 16.55294535724685, 0, 19.4164878389476, 12.806248474865697, 25.612496949731394, 18.027756377319946, 27.80287754891569, 19.235384061671343, 4.123105625617661, 9.219544457292887, 12.165525060596439, 19.4164878389476], [33.94112549695428, 25.079872407968907, 27.51363298439521, 19.4164878389476, 0, 31.89043743820395, 33.24154027718932, 10.198039027185569, 34.785054261852174, 37.69615364994153, 15.620499351813308, 24.413111231467404, 18.027756377319946, 38.8329756778952], [3.0, 26.30589287593181, 15.811388300841896, 12.806248474865697, 31.89043743820395, 0, 31.04834939252005, 28.231188426986208, 33.24154027718932, 13.038404810405298, 16.278820596099706, 10.04987562112089, 22.80350850198276, 8.06225774829855], [33.95585369269929, 48.08326112068523, 41.88078318274385, 25.612496949731394, 33.24154027718932, 31.04834939252005, 0, 38.948684188300895, 2.23606797749979, 23.194827009486403, 27.586228448267445, 34.132096331752024, 16.1245154965971, 31.0], [29.5296461204668, 15.0, 19.4164878389476, 18.027756377319946, 10.198039027185569, 28.231188426986208, 38.948684188300895, 0, 40.8166632639171, 37.21558813185679, 14.0, 18.867962264113206, 22.825424421026653, 36.05551275463989], [36.138621999185304, 50.20956084253277, 44.10215414239989, 27.80287754891569, 34.785054261852174, 33.24154027718932, 2.23606797749979, 40.8166632639171, 0, 25.079872407968907, 29.698484809834994, 36.359317925395686, 18.027756377319946, 33.015148038438355], [14.866068747318506, 38.600518131237564, 28.635642126552707, 19.235384061671343, 37.69615364994153, 13.038404810405298, 23.194827009486403, 37.21558813185679, 25.079872407968907, 0, 23.345235059857504, 21.840329667841555, 22.67156809750927, 8.54400374531753], [18.439088914585774, 20.518284528683193, 16.278820596099706, 4.123105625617661, 15.620499351813308, 16.278820596099706, 27.586228448267445, 14.0, 29.698484809834994, 23.345235059857504, 0, 10.198039027185569, 12.529964086141668, 23.323807579381203], [10.770329614269007, 16.76305461424021, 7.810249675906654, 9.219544457292887, 24.413111231467404, 10.04987562112089, 34.132096331752024, 18.867962264113206, 36.359317925395686, 21.840329667841555, 10.198039027185569, 0, 21.37755832643195, 18.110770276274835], [25.709920264364882, 32.802438933713454, 28.460498941515414, 12.165525060596439, 18.027756377319946, 22.80350850198276, 16.1245154965971, 22.825424421026653, 18.027756377319946, 22.67156809750927, 12.529964086141668, 21.37755832643195, 0, 26.92582403567252], [8.246211251235321, 34.132096331752024, 23.345235059857504, 19.4164878389476, 38.8329756778952, 8.06225774829855, 31.0, 36.05551275463989, 33.015148038438355, 8.54400374531753, 23.323807579381203, 18.110770276274835, 26.92582403567252, 0]]
[[0, 27.80287754891569, 5.0, 33.97057550292606, 8.246211251235321, 31.622776601683793, 31.622776601683793, 23.769728648009426, 31.38470965295043, 21.470910553583888, 30.14962686336267, 21.095023109728988, 10.295630140987, 28.635642126552707], [27.80287754891569, 0, 24.041630560342615, 8.06225774829855, 20.518284528683193, 4.123105625617661, 17.69180601295413, 17.08800749063506, 8.602325267042627, 7.615773105863909, 21.540659228538015, 7.211102550927978, 17.69180601295413, 6.4031242374328485], [5.0, 24.041630560342615, 0, 30.805843601498726, 3.605551275463989, 27.65863337187866, 30.4138126514911, 23.021728866442675, 26.832815729997478, 17.204650534085253, 25.179356624028344, 17.029386365926403, 6.4031242374328485, 24.186773244895647], [33.97057550292606, 8.06225774829855, 30.805843601498726, 0, 27.459060435491963, 7.615773105863909, 13.92838827718412, 17.11724276862369, 14.317821063276353, 15.524174696260024, 28.861739379323623, 14.866068747318506, 24.413111231467404, 13.341664064126334], [8.246211251235321, 20.518284528683193, 3.605551275463989, 27.459060435491963, 0, 24.08318915758459, 28.071337695236398, 21.095023109728988, 23.259406699226016, 13.601470508735444, 22.561028345356956, 13.45362404707371, 3.1622776601683795, 20.591260281974], [31.622776601683793, 4.123105625617661, 27.65863337187866, 7.615773105863909, 24.08318915758459, 0, 20.0, 20.615528128088304, 6.708203932499369, 10.63014581273465, 21.37755832643195, 10.63014581273465, 21.400934559032695, 6.0], [31.622776601683793, 17.69180601295413, 30.4138126514911, 13.92838827718412, 28.071337695236398, 20.0, 0, 8.06225774829855, 26.1725046566048, 21.93171219946131, 38.58756276314948, 20.615528128088304, 25.019992006393608, 24.08318915758459], [23.769728648009426, 17.08800749063506, 23.021728866442675, 17.11724276862369, 21.095023109728988, 20.615528128088304, 8.06225774829855, 0, 25.495097567963924, 18.384776310850235, 35.38361202590826, 16.97056274847714, 18.24828759089466, 22.825424421026653], [31.38470965295043, 8.602325267042627, 26.832815729997478, 14.317821063276353, 23.259406699226016, 6.708203932499369, 26.1725046566048, 25.495097567963924, 0, 10.198039027185569, 15.033296378372908, 11.045361017187261, 21.18962010041709, 3.0], [21.470910553583888, 7.615773105863909, 17.204650534085253, 15.524174696260024, 13.601470508735444, 10.63014581273465, 21.93171219946131, 18.384776310850235, 10.198039027185569, 0, 17.029386365926403, 1.4142135623730951, 11.180339887498949, 7.280109889280518], [30.14962686336267, 21.540659228538015, 25.179356624028344, 28.861739379323623, 22.561028345356956, 21.37755832643195, 38.58756276314948, 35.38361202590826, 15.033296378372908, 17.029386365926403, 0, 18.439088914585774, 22.47220505424423, 15.524174696260024], [21.095023109728988, 7.211102550927978, 17.029386365926403, 14.866068747318506, 13.45362404707371, 10.63014581273465, 20.615528128088304, 16.97056274847714, 11.045361017187261, 1.4142135623730951, 18.439088914585774, 0, 10.816653826391969, 8.06225774829855], [10.295630140987, 17.69180601295413, 6.4031242374328485, 24.413111231467404, 3.1622776601683795, 21.400934559032695, 25.019992006393608, 18.24828759089466, 21.18962010041709, 11.180339887498949, 22.47220505424423, 10.816653826391969, 0, 18.384776310850235], [28.635642126552707, 6.4031242374328485, 24.186773244895647, 13.341664064126334, 20.591260281974, 6.0, 24.08318915758459, 22.825424421026653, 3.0, 7.280109889280518, 15.524174696260024, 8.06225774829855, 18.384776310850235, 0]]
[[0, 26.627053911388696, 18.027756377319946, 32.984845004941285, 25.942243542145693, 32.69556544854363, 16.1245154965971, 15.297058540778355, 18.439088914585774, 30.01666203960727, 43.93176527297759, 29.410882339705484, 2.23606797749979, 15.297058540778355], [26.627053911388696, 0, 23.194827009486403, 12.206555615733702, 12.806248474865697, 8.246211251235321, 14.317821063276353, 19.313207915827967, 19.4164878389476, 25.80697580112788, 17.804493814764857, 8.48528137423857, 28.600699292150182, 13.892443989449804], [18.027756377319946, 23.194827009486403, 0, 34.48187929913333, 13.92838827718412, 31.400636936215164, 23.345235059857504, 26.40075756488817, 29.068883707497267, 12.165525060596439, 35.73513677041127, 30.364452901377952, 20.0, 21.93171219946131], [32.984845004941285, 12.206555615733702, 34.48187929913333, 0, 25.0, 5.385164807134504, 17.08800749063506, 20.248456731316587, 18.439088914585774, 38.01315561749642, 21.02379604162864, 4.123105625617661, 34.48187929913333, 17.72004514666935], [25.942243542145693, 12.806248474865697, 13.92838827718412, 25.0, 0, 20.591260281974, 21.37755832643195, 26.1725046566048, 27.65863337187866, 13.038404810405298, 21.840329667841555, 21.2602916254693, 28.178005607210743, 20.223748416156685], [32.69556544854363, 8.246211251235321, 31.400636936215164, 5.385164807134504, 20.591260281974, 0, 17.804493814764857, 21.93171219946131, 20.808652046684813, 33.61547262794322, 16.278820596099706, 4.47213595499958, 34.438350715445125, 18.027756377319946], [16.1245154965971, 14.317821063276353, 23.345235059857504, 17.08800749063506, 21.37755832643195, 17.804493814764857, 0, 5.0990195135927845, 6.324555320336759, 31.76476034853718, 31.906112267087632, 13.892443989449804, 17.46424919657298, 1.4142135623730951], [15.297058540778355, 19.313207915827967, 26.40075756488817, 20.248456731316587, 26.1725046566048, 21.93171219946131, 5.0990195135927845, 0, 3.1622776601683795, 35.84689665786984, 36.71511950137164, 17.69180601295413, 16.0312195418814, 6.0], [18.439088914585774, 19.4164878389476, 29.068883707497267, 18.439088914585774, 27.65863337187866, 20.808652046684813, 6.324555320336759, 3.1622776601683795, 0, 38.01315561749642, 36.24913792078372, 16.401219466856727, 19.1049731745428, 7.615773105863909], [30.01666203960727, 25.80697580112788, 12.165525060596439, 38.01315561749642, 13.038404810405298, 33.61547262794322, 31.76476034853718, 35.84689665786984, 38.01315561749642, 0, 32.01562118716424, 34.20526275297414, 32.0624390837628, 30.4138126514911], [43.93176527297759, 17.804493814764857, 35.73513677041127, 21.02379604162864, 21.840329667841555, 16.278820596099706, 31.906112267087632, 36.71511950137164, 36.24913792078372, 32.01562118716424, 0, 20.615528128088304, 46.010868281309364, 31.622776601683793], [29.410882339705484, 8.48528137423857, 30.364452901377952, 4.123105625617661, 21.2602916254693, 4.47213595499958, 13.892443989449804, 17.69180601295413, 16.401219466856727, 34.20526275297414, 20.615528128088304, 0, 31.016124838541646, 14.317821063276353], [2.23606797749979, 28.600699292150182, 20.0, 34.48187929913333, 28.178005607210743, 34.438350715445125, 17.46424919657298, 16.0312195418814, 19.1049731745428, 32.0624390837628, 46.010868281309364, 31.016124838541646, 0, 16.76305461424021], [15.297058540778355, 13.892443989449804, 21.93171219946131, 17.72004514666935, 20.223748416156685, 18.027756377319946, 1.4142135623730951, 6.0, 7.615773105863909, 30.4138126514911, 31.622776601683793, 14.317821063276353, 16.76305461424021, 0]]
[[0, 33.37663853655727, 17.46424919657298, 30.083217912982647, 31.0, 38.118237105091836, 23.021728866442675, 17.69180601295413, 20.248456731316587, 20.09975124224178, 9.055385138137417, 33.1058907144937, 25.317977802344327, 34.132096331752024], [33.37663853655727, 0, 16.0312195418814, 16.76305461424021, 5.385164807134504, 5.385164807134504, 42.5205832509386, 27.65863337187866, 18.439088914585774, 39.824615503479755, 24.73863375370596, 9.486832980505138, 8.06225774829855, 2.23606797749979], [17.46424919657298, 16.0312195418814, 0, 18.601075237738275, 14.560219778561036, 21.02379604162864, 31.38470965295043, 17.72004514666935, 11.180339887498949, 28.30194339616981, 9.433981132056603, 16.401219466856727, 8.0, 17.029386365926403], [30.083217912982647, 16.76305461424021, 18.601075237738275, 0, 11.40175425099138, 17.204650534085253, 29.546573405388315, 16.1245154965971, 9.848857801796104, 27.51363298439521, 21.470910553583888, 25.079872407968907, 15.297058540778355, 15.231546211727817], [31.0, 5.385164807134504, 14.560219778561036, 11.40175425099138, 0, 7.615773105863909, 37.8021163428716, 23.021728866442675, 13.892443989449804, 35.22782990761707, 22.02271554554524, 14.035668847618199, 7.211102550927978, 4.242640687119285], [38.118237105091836, 5.385164807134504, 21.02379604162864, 17.204650534085253, 7.615773105863909, 0, 45.221676218380054, 30.528675044947494, 21.470910553583888, 42.720018726587654, 29.274562336608895, 13.601470508735444, 13.038404810405298, 4.0], [23.021728866442675, 42.5205832509386, 31.38470965295043, 29.546573405388315, 37.8021163428716, 45.221676218380054, 0, 14.866068747318506, 24.08318915758459, 3.1622776601683795, 23.40939982143925, 47.01063709417264, 36.124783736376884, 42.01190307520001], [17.69180601295413, 27.65863337187866, 17.72004514666935, 16.1245154965971, 23.021728866442675, 30.528675044947494, 14.866068747318506, 0, 9.219544457292887, 12.206555615733702, 12.36931687685298, 32.449961479175904, 21.400934559032695, 27.202941017470888], [20.248456731316587, 18.439088914585774, 11.180339887498949, 9.848857801796104, 13.892443989449804, 21.470910553583888, 24.08318915758459, 9.219544457292887, 0, 21.400934559032695, 11.661903789690601, 23.706539182259394, 12.529964086141668, 18.027756377319946], [20.09975124224178, 39.824615503479755, 28.30194339616981, 27.51363298439521, 35.22782990761707, 42.720018726587654, 3.1622776601683795, 12.206555615733702, 21.400934559032695, 0, 20.248456731316587, 44.04543109109048, 33.24154027718932, 39.408120990476064], [9.055385138137417, 24.73863375370596, 9.433981132056603, 21.470910553583888, 22.02271554554524, 29.274562336608895, 23.40939982143925, 12.36931687685298, 11.661903789690601, 20.248456731316587, 0, 25.80697580112788, 16.76305461424021, 25.317977802344327], [33.1058907144937, 9.486832980505138, 16.401219466856727, 25.079872407968907, 14.035668847618199, 13.601470508735444, 47.01063709417264, 32.449961479175904, 23.706539182259394, 44.04543109109048, 25.80697580112788, 0, 11.180339887498949, 11.704699910719626], [25.317977802344327, 8.06225774829855, 8.0, 15.297058540778355, 7.211102550927978, 13.038404810405298, 36.124783736376884, 21.400934559032695, 12.529964086141668, 33.24154027718932, 16.76305461424021, 11.180339887498949, 0, 9.055385138137417], [34.132096331752024, 2.23606797749979, 17.029386365926403, 15.231546211727817, 4.242640687119285, 4.0, 42.01190307520001, 27.202941017470888, 18.027756377319946, 39.408120990476064, 25.317977802344327, 11.704699910719626, 9.055385138137417, 0]]
[[0, 50.24937810560445, 16.0, 37.8549864614954, 26.40075756488817, 33.24154027718932, 43.266615305567875, 41.182520563948, 31.016124838541646, 23.021728866442675, 47.38143096192854, 39.05124837953327, 46.04345773288535, 5.0], [50.24937810560445, 0, 39.96248240537617, 26.0, 27.85677655436824, 17.029386365926403, 13.152946437965905, 17.11724276862369, 26.476404589747453, 28.30194339616981, 3.1622776601683795, 25.019992006393608, 8.06225774829855, 47.01063709417264], [16.0, 39.96248240537617, 0, 22.47220505424423, 24.515301344262525, 24.351591323771842, 36.87817782917155, 36.22154055254967, 29.427877939124322, 19.235384061671343, 37.589892258425, 23.769728648009426, 34.058772731852805, 16.76305461424021], [37.8549864614954, 26.0, 22.47220505424423, 0, 30.528675044947494, 19.849433241279208, 30.870698080866262, 32.7566787083184, 33.421549934136806, 26.40075756488817, 25.179356624028344, 1.4142135623730951, 18.027756377319946, 37.12142238654117], [26.40075756488817, 27.85677655436824, 24.515301344262525, 30.528675044947494, 0, 13.038404810405298, 17.69180601295413, 15.0, 5.0, 5.385164807134504, 24.698178070456937, 30.886890422961002, 27.073972741361768, 21.95449840010015], [33.24154027718932, 17.029386365926403, 24.351591323771842, 19.849433241279208, 13.038404810405298, 0, 13.0, 13.601470508735444, 14.317821063276353, 11.704699910719626, 14.142135623730951, 19.79898987322333, 14.317821063276353, 30.0], [43.266615305567875, 13.152946437965905, 36.87817782917155, 30.870698080866262, 17.69180601295413, 13.0, 0, 4.0, 14.7648230602334, 20.248456731316587, 10.44030650891055, 30.4138126514911, 17.204650534085253, 39.20459156782532], [41.182520563948, 17.11724276862369, 36.22154055254967, 32.7566787083184, 15.0, 13.601470508735444, 4.0, 0, 11.40175425099138, 18.384776310850235, 14.317821063276353, 32.449961479175904, 20.591260281974, 36.89173349139343], [31.016124838541646, 26.476404589747453, 29.427877939124322, 33.421549934136806, 5.0, 14.317821063276353, 14.7648230602334, 11.40175425099138, 0, 10.198039027185569, 23.345235059857504, 33.60059523282288, 27.16615541441225, 26.40075756488817], [23.021728866442675, 28.30194339616981, 19.235384061671343, 26.40075756488817, 5.385164807134504, 11.704699910719626, 20.248456731316587, 18.384776310850235, 10.198039027185569, 0, 25.238858928247925, 26.92582403567252, 25.96150997149434, 19.1049731745428], [47.38143096192854, 3.1622776601683795, 37.589892258425, 25.179356624028344, 24.698178070456937, 14.142135623730951, 10.44030650891055, 14.317821063276353, 23.345235059857504, 25.238858928247925, 0, 24.331050121192877, 8.06225774829855, 44.04543109109048], [39.05124837953327, 25.019992006393608, 23.769728648009426, 1.4142135623730951, 30.886890422961002, 19.79898987322333, 30.4138126514911, 32.449961479175904, 33.60059523282288, 26.92582403567252, 24.331050121192877, 0, 17.0, 38.2099463490856], [46.04345773288535, 8.06225774829855, 34.058772731852805, 18.027756377319946, 27.073972741361768, 14.317821063276353, 17.204650534085253, 20.591260281974, 27.16615541441225, 25.96150997149434, 8.06225774829855, 17.0, 0, 43.41658669218482], [5.0, 47.01063709417264, 16.76305461424021, 37.12142238654117, 21.95449840010015, 30.0, 39.20459156782532, 36.89173349139343, 26.40075756488817, 19.1049731745428, 44.04543109109048, 38.2099463490856, 43.41658669218482, 0]]
[[0, 18.601075237738275, 38.3275357934736, 25.709920264364882, 38.41874542459709, 28.635642126552707, 24.20743687382041, 31.953090617340916, 24.515301344262525, 37.656340767525464, 14.866068747318506, 4.0, 31.953090617340916, 36.05551275463989], [18.601075237738275, 0, 33.60059523282288, 16.64331697709324, 21.02379604162864, 15.297058540778355, 31.04834939252005, 19.4164878389476, 23.853720883753127, 34.058772731852805, 29.614185789921695, 15.556349186104045, 32.202484376209235, 28.178005607210743], [38.3275357934736, 33.60059523282288, 0, 17.029386365926403, 30.083217912982647, 20.808652046684813, 21.470910553583888, 17.88854381999832, 14.0, 2.23606797749979, 34.20526275297414, 39.05124837953327, 10.0, 7.280109889280518], [25.709920264364882, 16.64331697709324, 17.029386365926403, 0, 18.681541692269406, 6.082762530298219, 21.840329667841555, 7.0710678118654755, 11.045361017187261, 17.69180601295413, 28.284271247461902, 25.079872407968907, 17.72004514666935, 11.704699910719626], [38.41874542459709, 21.02379604162864, 30.083217912982647, 18.681541692269406, 0, 12.649110640673518, 40.52159917870962, 13.0, 29.614185789921695, 31.78049716414141, 45.48626166217664, 36.05551275463989, 35.0, 22.80350850198276], [28.635642126552707, 15.297058540778355, 20.808652046684813, 6.082762530298219, 12.649110640673518, 0, 27.892651361962706, 4.123105625617661, 17.11724276862369, 21.95449840010015, 33.421549934136806, 27.202941017470888, 23.345235059857504, 14.142135623730951], [24.20743687382041, 31.04834939252005, 21.470910553583888, 21.840329667841555, 40.52159917870962, 27.892651361962706, 0, 28.231188426986208, 11.180339887498949, 19.697715603592208, 14.035668847618199, 26.870057685088806, 11.704699910719626, 24.041630560342615], [31.953090617340916, 19.4164878389476, 17.88854381999832, 7.0710678118654755, 13.0, 4.123105625617661, 28.231188426986208, 0, 17.08800749063506, 19.313207915827967, 35.35533905932738, 30.805843601498726, 22.0, 10.816653826391969], [24.515301344262525, 23.853720883753127, 14.0, 11.045361017187261, 29.614185789921695, 17.11724276862369, 11.180339887498949, 17.08800749063506, 0, 13.152946437965905, 21.02379604162864, 25.632011235952593, 8.48528137423857, 13.892443989449804], [37.656340767525464, 34.058772731852805, 2.23606797749979, 17.69180601295413, 31.78049716414141, 21.95449840010015, 19.697715603592208, 19.313207915827967, 13.152946437965905, 0, 32.7566787083184, 38.600518131237564, 8.06225774829855, 9.055385138137417], [14.866068747318506, 29.614185789921695, 34.20526275297414, 28.284271247461902, 45.48626166217664, 33.421549934136806, 14.035668847618199, 35.35533905932738, 21.02379604162864, 32.7566787083184, 0, 18.681541692269406, 25.179356624028344, 34.88552708502482], [4.0, 15.556349186104045, 39.05124837953327, 25.079872407968907, 36.05551275463989, 27.202941017470888, 26.870057685088806, 30.805843601498726, 25.632011235952593, 38.600518131237564, 18.681541692269406, 0, 33.54101966249684, 36.05551275463989], [31.953090617340916, 32.202484376209235, 10.0, 17.72004514666935, 35.0, 23.345235059857504, 11.704699910719626, 22.0, 8.48528137423857, 8.06225774829855, 25.179356624028344, 33.54101966249684, 0, 14.317821063276353], [36.05551275463989, 28.178005607210743, 7.280109889280518, 11.704699910719626, 22.80350850198276, 14.142135623730951, 24.041630560342615, 10.816653826391969, 13.892443989449804, 9.055385138137417, 34.88552708502482, 36.05551275463989, 14.317821063276353, 0]]
[[0, 16.0312195418814, 22.360679774997898, 39.05124837953327, 7.615773105863909, 12.529964086141668, 34.23448553724738, 31.016124838541646, 24.515301344262525, 36.796738985948195, 18.24828759089466, 34.0, 33.12099032335839, 24.186773244895647], [16.0312195418814, 0, 24.186773244895647, 27.784887978899608, 15.264337522473747, 14.142135623730951, 18.24828759089466, 16.401219466856727, 25.495097567963924, 27.51363298439521, 4.47213595499958, 20.518284528683193, 19.849433241279208, 12.083045973594572], [22.360679774997898, 24.186773244895647, 0, 26.1725046566048, 29.017236257093817, 11.180339887498949, 34.9857113690718, 27.313000567495326, 2.23606797749979, 21.587033144922902, 28.653097563788805, 26.68332812825267, 25.709920264364882, 19.72308292331602], [39.05124837953327, 27.784887978899608, 26.1725046566048, 0, 41.86884283091664, 27.784887978899608, 21.37755832643195, 14.035668847618199, 25.019992006393608, 5.385164807134504, 30.463092423455635, 9.0, 9.055385138137417, 15.811388300841896], [7.615773105863909, 15.264337522473747, 29.017236257093817, 41.86884283091664, 0, 18.24828759089466, 32.89376840679705, 31.622776601683793, 31.064449134018133, 40.496913462633174, 15.524174696260024, 35.4682957019364, 34.713109915419565, 26.1725046566048], [12.529964086141668, 14.142135623730951, 11.180339887498949, 27.784887978899608, 18.24828759089466, 0, 28.861739379323623, 23.0, 13.038404810405298, 24.839484696748443, 18.439088914585774, 24.515301344262525, 23.53720459187964, 15.033296378372908], [34.23448553724738, 18.24828759089466, 34.9857113690718, 21.37755832643195, 32.89376840679705, 28.861739379323623, 0, 8.602325267042627, 35.22782990761707, 24.698178070456937, 17.46424919657298, 12.649110640673518, 13.0, 15.264337522473747], [31.016124838541646, 16.401219466856727, 27.313000567495326, 14.035668847618199, 31.622776601683793, 23.0, 8.602325267042627, 0, 27.294688127912362, 16.492422502470642, 17.804493814764857, 5.0990195135927845, 5.0, 8.06225774829855], [24.515301344262525, 25.495097567963924, 2.23606797749979, 25.019992006393608, 31.064449134018133, 13.038404810405298, 35.22782990761707, 27.294688127912362, 0, 20.223748416156685, 29.966648127543394, 26.248809496813376, 25.298221281347036, 20.0], [36.796738985948195, 27.51363298439521, 21.587033144922902, 5.385164807134504, 40.496913462633174, 24.839484696748443, 24.698178070456937, 16.492422502470642, 20.223748416156685, 0, 30.805843601498726, 12.083045973594572, 11.704699910719626, 15.524174696260024], [18.24828759089466, 4.47213595499958, 28.653097563788805, 30.463092423455635, 15.524174696260024, 18.439088914585774, 17.46424919657298, 17.804493814764857, 29.966648127543394, 30.805843601498726, 0, 22.47220505424423, 21.95449840010015, 15.297058540778355], [34.0, 20.518284528683193, 26.68332812825267, 9.0, 35.4682957019364, 24.515301344262525, 12.649110640673518, 5.0990195135927845, 26.248809496813376, 12.083045973594572, 22.47220505424423, 0, 1.0, 9.848857801796104], [33.12099032335839, 19.849433241279208, 25.709920264364882, 9.055385138137417, 34.713109915419565, 23.53720459187964, 13.0, 5.0, 25.298221281347036, 11.704699910719626, 21.95449840010015, 1.0, 0, 8.94427190999916], [24.186773244895647, 12.083045973594572, 19.72308292331602, 15.811388300841896, 26.1725046566048, 15.033296378372908, 15.264337522473747, 8.06225774829855, 20.0, 15.524174696260024, 15.297058540778355, 9.848857801796104, 8.94427190999916, 0]]
