
tempo_medio_vizinho: 0.000061
        tempos_vizinho = [4.7200010158121586e-05, 3.9800070226192474e-05, 6.310001481324434e-05, 3.829994238913059e-05, 6.690004374831915e-05, 6.739993114024401e-05, 4.529999569058418e-05, 9.240000508725643e-05, 7.370009552687407e-05, 7.419998291879892e-05]
        melhor_cam_vizinho = [[0, 12, 2, 1, 6, 13, 10, 9, 14, 8, 15, 5, 7, 11, 4, 3, 0], [0, 8, 6, 3, 5, 10, 14, 15, 9, 12, 1, 7, 13, 11, 2, 4, 0], [0, 6, 1, 9, 10, 8, 5, 12, 14, 15, 4, 3, 7, 2, 13, 11, 0], [0, 11, 12, 15, 13, 5, 2, 14, 1, 4, 9, 7, 10, 6, 3, 8, 0], [0, 12, 11, 5, 8, 15, 3, 2, 1, 14, 6, 4, 13, 7, 9, 10, 0], [0, 12, 1, 9, 2, 8, 4, 14, 5, 15, 7, 6, 11, 10, 13, 3, 0], [0, 7, 11, 10, 9, 15, 2, 13, 12, 3, 4, 8, 14, 6, 5, 1, 0], [0, 1, 10, 2, 5, 4, 7, 8, 11, 13, 3, 15, 6, 14, 9, 12, 0], [0, 14, 8, 9, 1, 10, 6, 13, 15, 7, 11, 12, 2, 5, 3, 4, 0], [0, 9, 7, 11, 8, 3, 5, 4, 12, 10, 2, 6, 14, 1, 15, 13, 0]]
        menor_dist_vizinho = [176.39159189744822, 154.01888932746016, 161.74793826992405, 140.19402216493648, 152.00503902366128, 149.98944623233697, 192.85791952677428, 151.5687216983383, 136.241625841491, 186.37946883709486]

Tempo Medio Insercao Mais Barata: 0.000275
        tempos_insercao = [0.0002391999587416649, 0.00023819995112717152, 0.0002117999829351902, 0.00021150009706616402, 0.0002660000463947654, 0.0002364999381825328, 0.0002543999580666423, 0.000255799968726933, 0.0004422999918460846, 0.00039279996417462826]
        melhor_cam_insercao = [[4, 3, 6, 0, 12, 2, 1, 13, 8, 14, 9, 10, 15, 5, 7, 11], [1, 7, 13, 14, 10, 2, 4, 11, 3, 5, 6, 8, 0, 15, 9, 12], [3, 4, 13, 2, 0, 6, 1, 9, 12, 5, 10, 8, 14, 15, 11, 7], [13, 14, 1, 9, 4, 8, 3, 0, 11, 7, 10, 6, 2, 5, 12, 15], [5, 9, 10, 4, 6, 14, 13, 1, 2, 7, 15, 8, 3, 0, 12, 11], [6, 7, 10, 13, 1, 12, 0, 9, 3, 2, 8, 4, 14, 5, 15, 11], [9, 11, 6, 14, 0, 7, 10, 5, 1, 2, 13, 12, 4, 8, 3, 15], [2, 4, 7, 3, 15, 13, 11, 6, 14, 9, 8, 5, 12, 1, 0, 10], [1, 9, 5, 3, 4, 8, 14, 0, 2, 12, 11, 13, 15, 7, 6, 10], [0, 5, 4, 13, 15, 1, 12, 10, 2, 14, 6, 11, 8, 7, 9, 3]]
        menor_dist_insercao = [165.3166027970022, 140.86324331135017, 154.7773886029414, 158.18815999276197, 131.37679550217032, 146.77872732872353, 183.90565122376375, 146.79408730187933, 122.81990702935715, 163.10002909827608]

tempo_medio_pd: 1.802861
        tempos_pd = [1.5103698000311852, 1.9121526998933405, 1.7455373000120744, 1.7197694000788033, 1.7273149999091402, 1.7679149999748915, 1.6958400000585243, 2.0471716000465676, 2.0227230000309646, 1.8798166000051424]
        melhor_cam_pd = [[0, 12, 6, 3, 4, 11, 7, 5, 15, 13, 10, 9, 14, 8, 1, 2, 0], [0, 15, 9, 12, 1, 7, 13, 4, 2, 11, 3, 10, 5, 14, 6, 8, 0], [0, 2, 13, 7, 3, 4, 15, 14, 11, 10, 8, 5, 12, 9, 1, 6, 0], [0, 6, 3, 8, 7, 10, 4, 9, 1, 14, 2, 5, 13, 15, 12, 11, 0], [0, 12, 11, 5, 7, 9, 10, 4, 6, 14, 13, 1, 2, 3, 15, 8, 0], [0, 12, 1, 9, 3, 13, 10, 6, 11, 7, 15, 5, 14, 4, 8, 2, 0], [0, 6, 14, 8, 4, 3, 12, 13, 2, 15, 9, 1, 5, 10, 7, 11, 0], [0, 1, 12, 10, 2, 5, 4, 7, 8, 9, 14, 6, 11, 13, 3, 15, 0], [0, 14, 4, 3, 5, 8, 9, 1, 10, 6, 7, 15, 13, 11, 12, 2, 0], [0, 3, 5, 4, 13, 15, 1, 14, 6, 2, 10, 12, 11, 8, 7, 9, 0]]
        menor_dist_pd = [151.34061930355477, 135.68121543748677, 148.97785078394932, 129.1364128347647, 120.07289763247648, 143.04046263293452, 151.07211826388357, 127.51996385075705, 122.19164568269855, 158.68694020640766]
