
tempo_medio_vizinho: 0.000058
        tempos_vizinho = [5.259993486106396e-05, 4.730001091957092e-05, 4.339998122304678e-05, 4.3599982745945454e-05, 8.100003469735384e-05, 7.940002251416445e-05, 4.680000711232424e-05, 4.680000711232424e-05, 7.049995474517345e-05, 7.349997758865356e-05]
        melhor_cam_vizinho = [[0, 13, 17, 8, 16, 14, 7, 6, 12, 2, 10, 1, 11, 3, 4, 15, 9, 5, 0], [0, 5, 2, 6, 1, 17, 13, 12, 4, 11, 16, 7, 8, 15, 14, 3, 9, 10, 0], [0, 4, 11, 6, 10, 7, 12, 9, 3, 2, 1, 16, 15, 14, 5, 13, 8, 17, 0], [0, 11, 17, 14, 3, 5, 9, 13, 7, 8, 15, 12, 6, 16, 10, 4, 2, 1, 0], [0, 2, 12, 13, 11, 7, 3, 4, 5, 15, 6, 17, 16, 8, 1, 10, 9, 14, 0], [0, 9, 3, 16, 10, 5, 8, 7, 11, 17, 12, 1, 14, 13, 15, 2, 6, 4, 0], [0, 13, 11, 16, 2, 8, 6, 5, 7, 1, 9, 15, 3, 12, 14, 4, 17, 10, 0], [0, 13, 15, 16, 10, 12, 7, 6, 8, 3, 5, 9, 17, 2, 11, 4, 1, 14, 0], [0, 7, 17, 10, 5, 2, 3, 1, 14, 9, 12, 4, 11, 6, 16, 8, 13, 15, 0], [0, 7, 6, 13, 14, 16, 12, 4, 15, 2, 17, 9, 3, 11, 8, 1, 10, 5, 0]]
        menor_dist_vizinho = [195.52852374669033, 141.4954766634351, 177.30916086177402, 168.59969217151837, 132.4686547195341, 159.21773307612528, 147.06669537025675, 174.2029799677772, 196.20687102605004, 142.89272179322916]

Tempo Medio Insercao Mais Barata: 0.000384
        tempos_insercao = [0.0005280000623315573, 0.00025690009351819754, 0.0005120999412611127, 0.0002571999793872237, 0.00034930009860545397, 0.00028010003734380007, 0.0005086999153718352, 0.00030129996594041586, 0.000506300013512373, 0.0003402000293135643]
        melhor_cam_insercao = [[7, 8, 0, 13, 17, 10, 1, 11, 15, 4, 3, 9, 5, 2, 12, 6, 16, 14], [2, 5, 10, 9, 3, 14, 15, 8, 7, 0, 16, 11, 4, 12, 13, 17, 1, 6], [0, 1, 16, 15, 14, 2, 3, 5, 13, 17, 8, 9, 12, 7, 10, 6, 11, 4], [5, 0, 14, 17, 11, 3, 8, 16, 10, 4, 2, 1, 6, 12, 15, 7, 13, 9], [7, 3, 4, 5, 15, 17, 6, 14, 9, 8, 16, 1, 10, 0, 2, 12, 13, 11], [0, 6, 2, 15, 13, 7, 17, 11, 12, 1, 14, 8, 10, 5, 16, 4, 3, 9], [1, 9, 15, 3, 10, 12, 14, 4, 17, 2, 11, 0, 13, 16, 8, 6, 5, 7], [3, 6, 5, 9, 4, 2, 11, 17, 0, 15, 16, 13, 14, 1, 10, 12, 7, 8], [2, 1, 13, 14, 9, 12, 5, 10, 15, 17, 7, 0, 6, 16, 8, 11, 4, 3], [16, 0, 7, 6, 5, 14, 13, 2, 1, 9, 11, 8, 10, 3, 17, 4, 15, 12]]
        menor_dist_insercao = [169.27317770413129, 158.2957105099199, 155.20719422341458, 171.5946665106465, 124.26836929340925, 156.0818065118089, 131.99052521622247, 147.37270136220326, 158.27632159555858, 153.68559205736395]

tempo_medio_pd: 11.969304
        tempos_pd = [9.334758199984208, 11.811297499923967, 12.828820300055668, 12.458101599942893, 11.768834699993022, 12.510564099997282, 12.258023099973798, 12.376767599955201, 11.685221699997783, 12.660648399963975]
        melhor_cam_pd = [[0, 13, 17, 10, 1, 15, 4, 11, 3, 9, 5, 2, 12, 6, 14, 7, 16, 8, 0], [0, 10, 9, 14, 3, 15, 8, 7, 16, 11, 4, 12, 13, 17, 1, 6, 2, 5, 0], [0, 10, 7, 12, 9, 8, 17, 13, 5, 3, 2, 14, 15, 16, 1, 11, 4, 6, 0], [0, 3, 5, 9, 13, 7, 8, 15, 6, 12, 1, 2, 4, 10, 16, 11, 17, 14, 0], [0, 2, 12, 13, 11, 7, 3, 4, 5, 15, 17, 6, 16, 8, 14, 9, 10, 1, 0], [0, 6, 2, 15, 13, 17, 11, 12, 1, 14, 8, 7, 16, 10, 5, 4, 3, 9, 0], [0, 11, 17, 4, 14, 12, 10, 3, 15, 9, 1, 7, 5, 6, 8, 2, 16, 13, 0], [0, 17, 11, 2, 4, 9, 5, 6, 3, 8, 7, 12, 10, 1, 14, 16, 15, 13, 0], [0, 6, 16, 8, 11, 4, 10, 5, 2, 3, 1, 13, 14, 9, 12, 15, 17, 7, 0], [0, 16, 12, 4, 15, 2, 1, 9, 17, 3, 11, 8, 10, 5, 13, 14, 6, 7, 0]]
        menor_dist_pd = [160.1209739998951, 137.10554251460633, 149.51597371697164, 151.61359166617433, 121.110200398341, 142.89855911176173, 122.22201745762735, 139.2190544936469, 151.3324879239033, 130.43497347848844]
