
tempo_medio_vizinho: 0.000027
        tempos_vizinho = [2.3799948394298553e-05, 2.619996666908264e-05, 2.7699978090822697e-05, 3.090000245720148e-05, 2.95999925583601e-05, 2.8799986466765404e-05, 3.170000854879618e-05, 3.270001616328955e-05, 2.159993164241314e-05, 1.880002673715353e-05]
        melhor_cam_vizinho = [[0, 5, 3, 7, 8, 6, 4, 2, 1, 9, 0], [0, 3, 4, 1, 6, 2, 9, 8, 7, 5, 0], [0, 6, 2, 4, 3, 8, 7, 9, 5, 1, 0], [0, 1, 7, 6, 9, 2, 3, 4, 8, 5, 0], [0, 4, 5, 7, 6, 2, 8, 9, 3, 1, 0], [0, 3, 5, 7, 6, 8, 1, 4, 2, 9, 0], [0, 5, 7, 3, 4, 6, 1, 2, 9, 8, 0], [0, 5, 7, 1, 2, 8, 4, 6, 3, 9, 0], [0, 6, 1, 8, 3, 7, 4, 5, 2, 9, 0], [0, 8, 6, 1, 9, 4, 3, 7, 2, 5, 0]]
        menor_dist_vizinho = [110.9183004195809, 107.89689279643007, 146.0475852826738, 143.48796941360538, 107.7974915137413, 143.74814486755628, 126.29948825215688, 137.08955982102202, 114.21345149072305, 92.50401240042895]

tempo_medio_forca_bruta: 0.271396
        tempos_pd = [0.25525539997033775, 0.2688973000040278, 0.2681246999418363, 0.27720979996956885, 0.2673531000036746, 0.2965282000368461, 0.26163849991280586, 0.25298400002066046, 0.3060624001082033, 0.2599099000217393]
        melhor_cam_pd = [[0, 5, 3, 4, 6, 8, 7, 2, 1, 9, 0], [0, 1, 6, 2, 5, 9, 8, 7, 4, 3, 0], [0, 6, 5, 9, 7, 8, 3, 4, 1, 2, 0], [0, 7, 1, 6, 2, 9, 3, 4, 8, 5, 0], [0, 4, 1, 3, 5, 7, 6, 2, 8, 9, 0], [0, 3, 5, 6, 7, 9, 4, 2, 1, 8, 0], [0, 3, 4, 6, 1, 2, 9, 8, 7, 5, 0], [0, 1, 7, 5, 2, 8, 4, 6, 3, 9, 0], [0, 1, 8, 3, 4, 7, 5, 2, 9, 6, 0], [0, 5, 2, 7, 3, 4, 9, 1, 6, 8, 0]]
        menor_dist_pd = [102.4243088951292, 81.90104660046946, 133.99494154251232, 133.02412258161453, 98.83866860912731, 130.26684624388727, 116.06474003945137, 133.56589663365025, 111.58297443464413, 92.50401240042895]

Tempo Medio Insercao Mais Barata: 0.000069
        tempos_insercao = [7.099995855242014e-05, 9.699992369860411e-05, 5.549995694309473e-05, 5.530007183551788e-05, 0.00010379997547715902, 7.960002403706312e-05, 5.6399963796138763e-05, 5.4999953135848045e-05, 5.4299947805702686e-05, 6.150000263005495e-05]
        melhor_cam_insercao = [[1, 2, 8, 7, 6, 4, 3, 5, 0, 9], [0, 1, 6, 2, 5, 9, 8, 7, 4, 3], [0, 8, 7, 9, 5, 1, 2, 4, 3, 6], [1, 6, 2, 9, 3, 4, 8, 5, 0, 7], [5, 3, 1, 4, 0, 9, 8, 2, 6, 7], [0, 6, 7, 8, 9, 1, 4, 2, 5, 3], [5, 0, 3, 6, 4, 1, 2, 9, 8, 7], [4, 6, 3, 9, 8, 2, 0, 5, 1, 7], [0, 9, 4, 2, 5, 7, 3, 8, 1, 6], [1, 9, 4, 8, 2, 3, 7, 5, 0, 6]]
        menor_dist_insercao = [106.15110217564116, 81.90104660046947, 138.2920204595195, 133.02412258161456, 98.83866860912731, 138.92413088964435, 120.55034369257321, 137.15925446750518, 116.50266539730471, 118.44128048754695]

tempo_medio_pd: 0.006083
        tempos_pd = [0.006891799974255264, 0.007222400046885014, 0.005570700042881072, 0.00638140004593879, 0.005725999944843352, 0.005755600053817034, 0.006021599983796477, 0.005901700002141297, 0.00606140005402267, 0.0052964999340474606]
        melhor_cam_pd = [[0, 5, 3, 4, 6, 8, 7, 2, 1, 9, 0], [0, 3, 4, 7, 8, 9, 5, 2, 6, 1, 0], [0, 2, 1, 4, 3, 8, 7, 9, 5, 6, 0], [0, 5, 8, 4, 3, 9, 2, 6, 1, 7, 0], [0, 4, 1, 3, 5, 7, 6, 2, 8, 9, 0], [0, 3, 5, 6, 7, 9, 4, 2, 1, 8, 0], [0, 3, 4, 6, 1, 2, 9, 8, 7, 5, 0], [0, 1, 7, 5, 2, 8, 4, 6, 3, 9, 0], [0, 1, 8, 3, 4, 7, 5, 2, 9, 6, 0], [0, 8, 6, 1, 9, 4, 3, 7, 2, 5, 0]]
        menor_dist_pd = [102.4243088951292, 81.90104660046946, 133.99494154251232, 133.02412258161453, 98.83866860912731, 130.26684624388727, 116.06474003945137, 133.56589663365025, 111.58297443464413, 92.50401240042895]
