
tempo_medio_vizinho: 0.000033
        tempos_vizinho = [2.8699985705316067e-05, 3.6899931728839874e-05, 2.3600063286721706e-05, 2.110004425048828e-05, 2.2900057956576347e-05, 3.5800039768218994e-05, 5.110003985464573e-05, 4.269997589290142e-05, 3.759993705898523e-05, 3.2800016924738884e-05]
        melhor_cam_vizinho = [[0, 6, 1, 9, 5, 4, 7, 8, 10, 3, 2, 11, 0], [0, 4, 9, 3, 7, 8, 10, 2, 11, 1, 6, 5, 0], [0, 3, 1, 8, 10, 2, 7, 9, 5, 6, 4, 11, 0], [0, 1, 8, 11, 2, 7, 5, 10, 4, 9, 3, 6, 0], [0, 4, 2, 10, 5, 1, 8, 7, 11, 9, 6, 3, 0], [0, 3, 9, 2, 6, 7, 10, 5, 11, 8, 1, 4, 0], [0, 10, 6, 5, 4, 7, 3, 8, 2, 9, 11, 1, 0], [0, 4, 6, 10, 2, 7, 5, 11, 9, 3, 1, 8, 0], [0, 7, 6, 4, 10, 5, 9, 8, 11, 2, 1, 3, 0], [0, 4, 1, 5, 6, 8, 9, 10, 2, 11, 7, 3, 0]]
        menor_dist_vizinho = [143.38093832768686, 153.31219407963476, 123.46538827950397, 122.30763861850545, 110.46260931298409, 158.89314969214428, 143.70615939000194, 156.58341813195293, 150.42760451330557, 125.29188732437716]

Tempo Medio Insercao Mais Barata: 0.000123
        tempos_insercao = [0.00010609999299049377, 0.00011490005999803543, 9.719992522150278e-05, 8.330005221068859e-05, 8.629995863884687e-05, 9.569991379976273e-05, 0.0001580000389367342, 0.00019179994706064463, 0.00014290004037320614, 0.00015689991414546967]
        melhor_cam_insercao = [[0, 11, 2, 4, 7, 3, 10, 8, 5, 1, 9, 6], [4, 0, 10, 8, 7, 2, 11, 1, 6, 5, 3, 9], [5, 4, 6, 9, 7, 1, 3, 0, 11, 8, 2, 10], [3, 9, 4, 10, 5, 1, 0, 8, 11, 2, 7, 6], [7, 6, 3, 4, 0, 9, 2, 10, 5, 1, 8, 11], [2, 1, 4, 8, 11, 7, 5, 10, 6, 3, 0, 9], [2, 8, 0, 10, 5, 6, 4, 1, 7, 3, 11, 9], [1, 4, 0, 8, 10, 6, 9, 5, 11, 7, 2, 3], [5, 10, 6, 7, 3, 1, 2, 11, 0, 8, 4, 9], [1, 5, 9, 10, 3, 7, 2, 11, 8, 6, 0, 4]]
        menor_dist_insercao = [140.5922620636749, 141.7027769889318, 137.30515267609638, 117.79626147775477, 128.980203829263, 165.64655728330388, 122.06541092618134, 135.29047030846573, 146.91422321193767, 150.88764712179602]

tempo_medio_pd: 0.041897
        tempos_pd = [0.03674570005387068, 0.0360344999935478, 0.052449800074100494, 0.03714070003479719, 0.03534259996376932, 0.05293639993760735, 0.033612499944865704, 0.039095800020731986, 0.061851599952206016, 0.03375549998600036]
        melhor_cam_pd = [[0, 5, 11, 2, 4, 7, 3, 10, 8, 9, 1, 6, 0], [0, 3, 4, 9, 5, 6, 1, 11, 2, 8, 7, 10, 0], [0, 3, 1, 8, 2, 10, 7, 9, 5, 6, 4, 11, 0], [0, 8, 11, 2, 7, 5, 6, 3, 9, 10, 4, 1, 0], [0, 4, 2, 10, 5, 1, 8, 7, 11, 9, 6, 3, 0], [0, 3, 6, 7, 10, 5, 11, 4, 1, 8, 2, 9, 0], [0, 5, 6, 10, 4, 1, 7, 3, 8, 11, 2, 9, 0], [0, 4, 10, 6, 1, 3, 2, 7, 5, 11, 9, 8, 0], [0, 7, 6, 4, 8, 9, 5, 10, 3, 1, 2, 11, 0], [0, 4, 1, 3, 7, 11, 2, 10, 9, 8, 6, 5, 0]]
        menor_dist_pd = [130.95620804458693, 136.50779849859543, 121.46726808520528, 112.04712584384207, 110.46260931298407, 146.81355165903756, 118.10233372275427, 129.32431300702885, 123.69146695975712, 120.8437479231905]

tempo_medio_forca_bruta: 46.823334
        tempos_pd = [35.56868130003568, 40.02469640003983, 48.43375689990353, 54.486542999977246, 44.636889999965206, 45.363681599963456, 55.5055370000191, 45.426734899985604, 48.53416160005145, 50.25265869998839]
        melhor_cam_pd = [[0, 5, 11, 2, 4, 7, 3, 10, 8, 9, 1, 6, 0], [0, 10, 7, 8, 2, 11, 1, 6, 5, 9, 4, 3, 0], [0, 11, 4, 6, 5, 9, 7, 10, 2, 8, 1, 3, 0], [0, 1, 4, 10, 9, 3, 6, 5, 7, 2, 11, 8, 0], [0, 3, 6, 9, 11, 7, 8, 1, 5, 10, 2, 4, 0], [0, 9, 2, 8, 1, 4, 11, 5, 10, 7, 6, 3, 0], [0, 5, 6, 10, 4, 1, 7, 3, 8, 11, 2, 9, 0], [0, 4, 10, 6, 1, 3, 2, 7, 5, 11, 9, 8, 0], [0, 7, 6, 4, 8, 9, 5, 10, 3, 1, 2, 11, 0], [0, 4, 1, 3, 7, 11, 2, 10, 9, 8, 6, 5, 0]]
        menor_dist_pd = [130.95620804458693, 136.50779849859543, 121.46726808520528, 112.04712584384207, 110.46260931298407, 146.81355165903756, 118.10233372275427, 129.32431300702885, 123.69146695975712, 120.8437479231905]
