
tempo_medio_vizinho: 0.000078
        tempos_vizinho = [5.510007031261921e-05, 7.569999434053898e-05, 7.51999905332923e-05, 4.950002767145634e-05, 0.00012360000982880592, 8.279993198812008e-05, 6.0699996538460255e-05, 9.180000051856041e-05, 8.420005906373262e-05, 8.010002784430981e-05]
        melhor_cam_vizinho = [[0, 7, 10, 4, 5, 12, 1, 6, 14, 8, 3, 18, 2, 17, 13, 16, 11, 19, 15, 9, 0], [0, 7, 10, 12, 2, 9, 13, 6, 5, 18, 4, 19, 8, 1, 16, 15, 3, 14, 17, 11, 0], [0, 17, 7, 11, 13, 15, 3, 8, 2, 4, 12, 18, 1, 5, 6, 9, 14, 16, 10, 19, 0], [0, 5, 15, 18, 19, 4, 2, 6, 3, 12, 10, 17, 8, 1, 16, 13, 7, 11, 9, 14, 0], [0, 9, 2, 5, 10, 1, 19, 11, 15, 18, 7, 3, 13, 14, 16, 4, 17, 12, 8, 6, 0], [0, 18, 10, 16, 1, 5, 17, 14, 7, 13, 8, 11, 6, 15, 12, 19, 2, 4, 9, 3, 0], [0, 8, 2, 4, 11, 3, 16, 19, 10, 15, 17, 13, 18, 5, 12, 6, 9, 1, 14, 7, 0], [0, 10, 16, 8, 9, 3, 18, 5, 13, 7, 1, 12, 4, 14, 2, 15, 11, 6, 19, 17, 0], [0, 16, 18, 13, 7, 15, 17, 6, 2, 3, 9, 12, 14, 10, 4, 19, 1, 5, 11, 8, 0], [0, 1, 4, 19, 8, 9, 16, 7, 13, 10, 2, 18, 11, 12, 15, 3, 5, 6, 17, 14, 0]]
        menor_dist_vizinho = [172.69778694836063, 140.4044134392673, 192.2009652961337, 190.60104607932834, 157.96810502525193, 202.9623286131717, 154.6242239954535, 162.01632287459014, 136.74600689686446, 220.16444718122162]

Tempo Medio Insercao Mais Barata: 0.000518
        tempos_insercao = [0.00047770002856850624, 0.00045359996147453785, 0.0003848000196740031, 0.00027359998784959316, 0.0007263999432325363, 0.00048459996469318867, 0.0003396000247448683, 0.000586999929510057, 0.0007332999957725406, 0.0007243000436574221]
        melhor_cam_insercao = [[3, 18, 17, 10, 4, 0, 7, 2, 16, 13, 11, 19, 15, 9, 6, 1, 12, 5, 14, 8], [7, 12, 2, 13, 6, 9, 5, 19, 18, 4, 8, 1, 15, 16, 3, 14, 17, 11, 0, 10], [0, 7, 15, 3, 19, 10, 8, 4, 12, 2, 18, 1, 5, 6, 9, 14, 16, 11, 13, 17], [4, 9, 14, 11, 13, 7, 3, 6, 12, 10, 17, 8, 2, 1, 5, 15, 0, 19, 18, 16], [0, 9, 8, 6, 12, 17, 4, 2, 5, 10, 1, 19, 11, 18, 16, 14, 3, 13, 7, 15], [6, 3, 11, 13, 8, 7, 14, 5, 1, 16, 10, 18, 0, 9, 19, 4, 2, 17, 12, 15], [5, 12, 13, 17, 15, 10, 2, 0, 8, 4, 11, 3, 16, 19, 7, 14, 1, 9, 6, 18], [3, 15, 11, 6, 19, 17, 0, 16, 10, 8, 4, 12, 1, 7, 2, 13, 14, 9, 5, 18], [13, 8, 11, 5, 1, 19, 4, 10, 7, 15, 17, 6, 14, 12, 9, 3, 2, 0, 16, 18], [4, 9, 7, 13, 10, 3, 5, 15, 12, 11, 6, 18, 2, 17, 14, 16, 8, 1, 0, 19]]
        menor_dist_insercao = [170.65960949912017, 138.68973152890675, 171.96340514087055, 165.66790987872093, 161.78454279756116, 189.70672931657631, 145.9779074939901, 181.01610903094357, 124.3775656186638, 188.97175692282335]

tempo_medio_pd: 65.060945
        tempos_pd = [64.29130939999595, 64.98499659996014, 70.27612569998018, 67.39605430001393, 63.42764500004705, 61.64786579995416, 64.3828842000803, 64.29859470005613, 66.06886060000397, 63.83510899997782]
        melhor_cam_pd = [[0, 5, 12, 1, 6, 14, 9, 15, 19, 8, 3, 11, 16, 13, 18, 2, 17, 7, 10, 4, 0], [0, 7, 10, 12, 2, 9, 13, 6, 5, 19, 18, 4, 8, 1, 15, 16, 3, 14, 17, 11, 0], [0, 13, 15, 3, 19, 10, 8, 2, 4, 12, 18, 1, 5, 6, 9, 14, 16, 11, 7, 17, 0], [0, 15, 5, 1, 19, 4, 16, 2, 8, 17, 10, 12, 6, 3, 13, 7, 11, 14, 9, 18, 0], [0, 6, 8, 9, 5, 2, 12, 17, 4, 10, 1, 19, 11, 15, 18, 16, 14, 13, 3, 7, 0], [0, 10, 16, 1, 5, 17, 7, 14, 8, 13, 12, 15, 6, 11, 3, 2, 4, 19, 9, 18, 0], [0, 8, 2, 15, 17, 13, 12, 18, 5, 6, 9, 1, 14, 7, 10, 19, 16, 3, 11, 4, 0], [0, 17, 19, 6, 11, 15, 2, 13, 7, 1, 12, 4, 14, 5, 18, 3, 9, 16, 8, 10, 0], [0, 16, 8, 11, 5, 1, 19, 4, 10, 7, 15, 17, 14, 12, 9, 3, 6, 2, 13, 18, 0], [0, 1, 4, 19, 8, 9, 16, 7, 14, 17, 13, 10, 2, 18, 6, 11, 12, 15, 3, 5, 0]]
        menor_dist_pd = [148.20938062754905, 133.90763452273245, 157.32933310542705, 155.94697332614726, 147.07131908605706, 161.87208130443713, 140.96640792732208, 147.90308817256945, 118.10436171753898, 159.64054471865538]
