Tempo medio Forca Bruta: 0.000012
        tempos = [1.2899981811642647e-05, 1.070008147507906e-05, 9.500072337687016e-06, 1.179997343569994e-05, 1.4399993233382702e-05, 1.5600002370774746e-05, 1.3699987903237343e-05, 9.400071576237679e-06, 1.0100076906383038e-05, 9.899958968162537e-06]
        melhor_cam = [[0, 1, 3, 2, 0], [0, 2, 1, 3, 0], [0, 1, 2, 3, 0], [0, 2, 1, 3, 0], [0, 2, 1, 3, 0], [0, 1, 3, 2, 0], [0, 2, 1, 3, 0], [0, 1, 2, 3, 0], [0, 1, 3, 2, 0], [0, 1, 3, 2, 0]]
        menor_dist = [45.58038534622939, 71.63151875716571, 58.29508725505596, 69.75691653877017, 65.01794594990555, 73.04605335864804, 63.04277568824406, 69.33622400184873, 76.31645072153248, 81.43190786159602]

tempo_medio_vizinho: 0.000010
        tempos_vizinho = [1.3899989426136017e-05, 9.399955160915852e-06, 1.0100076906383038e-05, 9.399955160915852e-06, 9.699957445263863e-06, 9.699957445263863e-06, 9.09995287656784e-06, 9.400071576237679e-06, 1.1800089851021767e-05, 1.009996049106121e-05]
        melhor_cam_vizinho = [[0, 2, 3, 1, 0], [0, 2, 1, 3, 0], [0, 3, 1, 2, 0], [0, 3, 1, 2, 0], [0, 1, 2, 3, 0], [0, 1, 3, 2, 0], [0, 1, 3, 2, 0], [0, 1, 2, 3, 0], [0, 1, 2, 3, 0], [0, 2, 1, 3, 0]]
        menor_dist_vizinho = [45.58038534622939, 71.63151875716571, 60.10223223564718, 69.75691653877017, 67.57561453672025, 73.04605335864804, 64.18692464776291, 69.33622400184873, 81.17825232649612, 85.76104207624994]

Tempo Medio Insercao Mais Barata: 0.000016
        tempos_insercao = [2.159993164241314e-05, 2.0499923266470432e-05, 1.479999627918005e-05, 2.219993621110916e-05, 1.5600002370774746e-05, 1.479999627918005e-05, 1.4599994756281376e-05, 1.2499978765845299e-05, 1.2999982573091984e-05, 1.2599979527294636e-05]
        melhor_cam_insercao = [[1, 0, 2, 3], [0, 3, 1, 2], [0, 1, 2, 3], [0, 2, 1, 3], [1, 3, 0, 2], [1, 0, 2, 3], [1, 2, 0, 3], [0, 3, 2, 1], [2, 0, 1, 3], [1, 0, 2, 3]]
        menor_dist_insercao = [45.58038534622939, 71.63151875716571, 58.29508725505596, 69.75691653877017, 65.01794594990555, 73.04605335864804, 63.04277568824406, 69.33622400184873, 76.31645072153246, 81.43190786159602]

tempo_medio_pd: 0.000038
        tempos_pd = [4.349998198449612e-05, 2.650008536875248e-05, 3.1100003980100155e-05, 2.7999980375170708e-05, 2.659996971487999e-05, 3.630004357546568e-05, 3.659992944449186e-05, 3.5800039768218994e-05, 4.47999918833375e-05, 6.710004527121782e-05]
        melhor_cam_pd = [[0, 1, 3, 2, 0], [0, 2, 1, 3, 0], [0, 1, 2, 3, 0], [0, 2, 1, 3, 0], [0, 2, 1, 3, 0], [0, 1, 3, 2, 0], [0, 2, 1, 3, 0], [0, 1, 2, 3, 0], [0, 1, 3, 2, 0], [0, 1, 3, 2, 0]]
        menor_dist_pd = [45.58038534622939, 71.63151875716571, 58.29508725505596, 69.75691653877017, 65.01794594990555, 73.04605335864804, 63.04277568824406, 69.33622400184873, 76.31645072153248, 81.43190786159602]
