Tempo medio Forca Bruta: 0.000360
        tempos = [0.0003502999898046255, 0.0005564000457525253, 0.00039130006916821003, 0.0004213000647723675, 0.0003369000041857362, 0.0003512999974191189, 0.00032490002922713757, 0.0005551999201998115, 0.00019940000493079424, 0.00011280004400759935]
        melhor_cam = [[0, 1, 3, 4, 5, 2, 0], [0, 1, 3, 4, 5, 2, 0], [0, 2, 1, 4, 3, 5, 0], [0, 1, 2, 3, 4, 5, 0], [0, 3, 2, 1, 5, 4, 0], [0, 3, 1, 4, 2, 5, 0], [0, 4, 2, 1, 5, 3, 0], [0, 1, 3, 5, 4, 2, 0], [0, 3, 5, 4, 2, 1, 0], [0, 5, 3, 2, 4, 1, 0]]
        menor_dist = [92.93001406786712, 84.5506252559091, 96.39689443759136, 109.29890389247217, 80.4123599057309, 74.92722422734661, 87.06365303862933, 134.40009862762355, 76.83446196878054, 103.223552744811]

tempo_medio_vizinho: 0.000013
        tempos_vizinho = [1.7000013031065464e-05, 1.2699980288743973e-05, 1.0899966582655907e-05, 1.179997343569994e-05, 1.179997343569994e-05, 1.1199968867003918e-05, 1.1699972674250603e-05, 1.1199968867003918e-05, 1.5300000086426735e-05, 1.7600017599761486e-05]
        melhor_cam_vizinho = [[0, 5, 4, 3, 2, 1, 0], [0, 1, 3, 4, 5, 2, 0], [0, 2, 5, 3, 1, 4, 0], [0, 5, 4, 3, 2, 1, 0], [0, 4, 5, 1, 3, 2, 0], [0, 1, 4, 2, 5, 3, 0], [0, 5, 3, 1, 2, 4, 0], [0, 1, 3, 5, 4, 2, 0], [0, 3, 4, 5, 1, 2, 0], [0, 1, 4, 5, 3, 2, 0]]
        menor_dist_vizinho = [110.4990088264031, 84.5506252559091, 107.98581294883621, 109.29890389247217, 83.84463735399945, 75.63485076256201, 88.47821392234432, 134.40009862762355, 82.39677944389558, 113.68963992160995]

Tempo Medio Insercao Mais Barata: 0.000025
        tempos_insercao = [3.0800001695752144e-05, 2.259993925690651e-05, 2.150004729628563e-05, 2.929999027401209e-05, 1.9300030544400215e-05, 2.1900050342082977e-05, 1.950003206729889e-05, 2.0900042727589607e-05, 4.269997589290142e-05, 2.319994382560253e-05]
        melhor_cam_insercao = [[1, 3, 4, 2, 0, 5], [0, 3, 2, 5, 4, 1], [0, 5, 3, 4, 1, 2], [0, 1, 2, 3, 4, 5], [4, 0, 3, 2, 1, 5], [2, 5, 0, 3, 1, 4], [2, 1, 3, 5, 0, 4], [2, 4, 0, 5, 3, 1], [3, 2, 1, 0, 5, 4], [2, 4, 1, 0, 5, 3]]
        menor_dist_insercao = [94.60516326024688, 84.66098927394975, 96.39689443759136, 109.29890389247217, 80.41235990573091, 74.92722422734661, 88.47821392234432, 143.42230450254704, 78.72713182879252, 103.22355274481102]

tempo_medio_pd: 0.000220
        tempos_pd = [0.0001463000662624836, 0.0002277999883517623, 0.0009017999982461333, 0.00010449998080730438, 0.00014899997040629387, 0.00012450001668184996, 0.00021759991068392992, 0.00010770000517368317, 0.00010689999908208847, 0.00011660007294267416]
        melhor_cam_pd = [[0, 2, 5, 4, 3, 1, 0], [0, 1, 3, 4, 5, 2, 0], [0, 2, 1, 4, 3, 5, 0], [0, 1, 2, 3, 4, 5, 0], [0, 3, 2, 1, 5, 4, 0], [0, 3, 1, 4, 2, 5, 0], [0, 3, 5, 1, 2, 4, 0], [0, 1, 3, 5, 4, 2, 0], [0, 1, 2, 4, 5, 3, 0], [0, 1, 4, 2, 3, 5, 0]]
        menor_dist_pd = [92.93001406786712, 84.5506252559091, 96.39689443759136, 109.29890389247217, 80.4123599057309, 74.92722422734661, 87.06365303862933, 134.40009862762355, 76.83446196878054, 103.223552744811]
