
tempo_medio_forca_bruta: 0.003236
        tempos_pd = [0.00309520005248487, 0.0031026999931782484, 0.004286500043235719, 0.002965899999253452, 0.00306529994122684, 0.003010899992659688, 0.0035638000117614865, 0.0029305999632924795, 0.0029685000190511346, 0.003369100042618811]
        melhor_cam_pd = [[0, 6, 7, 4, 3, 2, 1, 5, 0], [0, 3, 4, 5, 7, 2, 1, 6, 0], [0, 4, 1, 2, 5, 6, 3, 7, 0], [0, 1, 7, 4, 5, 2, 3, 6, 0], [0, 4, 7, 3, 6, 1, 5, 2, 0], [0, 4, 3, 2, 1, 6, 7, 5, 0], [0, 3, 2, 1, 7, 6, 4, 5, 0], [0, 5, 4, 1, 3, 2, 7, 6, 0], [0, 1, 7, 6, 5, 2, 3, 4, 0], [0, 5, 3, 4, 2, 7, 1, 6, 0]]
        menor_dist_pd = [112.89935270627579, 97.35736193472363, 120.46044440045391, 102.70398052871826, 134.42054383294328, 88.63510559833746, 108.74976577109891, 99.22704234548671, 97.91542905455393, 69.6821855803922]

tempo_medio_vizinho: 0.000020
        tempos_vizinho = [2.0400038920342922e-05, 2.280005719512701e-05, 1.2999982573091984e-05, 1.279998105019331e-05, 1.2199976481497288e-05, 1.889991108328104e-05, 1.680001150816679e-05, 2.8600101359188557e-05, 2.5099958293139935e-05, 2.6899971999228e-05]
        melhor_cam_vizinho = [[0, 7, 6, 4, 3, 1, 2, 5, 0], [0, 3, 4, 5, 1, 6, 2, 7, 0], [0, 4, 1, 7, 3, 6, 5, 2, 0], [0, 1, 6, 3, 2, 5, 4, 7, 0], [0, 2, 4, 7, 3, 6, 1, 5, 0], [0, 4, 3, 2, 1, 5, 6, 7, 0], [0, 5, 4, 6, 7, 1, 2, 3, 0], [0, 4, 5, 1, 3, 2, 6, 7, 0], [0, 1, 7, 6, 3, 2, 5, 4, 0], [0, 6, 1, 2, 7, 4, 3, 5, 0]]
        menor_dist_vizinho = [117.69344834406557, 117.91346313853055, 138.24073682992505, 104.23664402786665, 136.72223019945022, 92.66098462519557, 108.74976577109894, 104.71072890226188, 103.24466940826484, 70.10786167309985]

Tempo Medio Insercao Mais Barata: 0.000049
        tempos_insercao = [5.909998435527086e-05, 7.050007116049528e-05, 4.7999899834394455e-05, 5.6399963796138763e-05, 4.5599997974932194e-05, 3.4800032153725624e-05, 3.400002606213093e-05, 5.170004442334175e-05, 3.6899931728839874e-05, 5.240004975348711e-05]
        melhor_cam_insercao = [[4, 6, 7, 0, 3, 1, 5, 2], [0, 6, 1, 2, 7, 5, 4, 3], [1, 0, 3, 6, 5, 2, 7, 4], [3, 0, 1, 7, 4, 5, 2, 6], [4, 2, 3, 6, 1, 5, 0, 7], [6, 1, 2, 3, 4, 0, 5, 7], [4, 6, 7, 1, 2, 3, 0, 5], [4, 1, 3, 2, 7, 6, 0, 5], [2, 4, 0, 1, 7, 3, 6, 5], [2, 4, 3, 1, 6, 0, 5, 7]]
        menor_dist_insercao = [117.84561809150729, 97.35736193472363, 133.82525679003157, 104.30831990890977, 138.21784560717023, 88.63510559833747, 108.74976577109894, 99.22704234548671, 112.43624173432707, 73.39747497351752]

tempo_medio_pd: 0.001031
        tempos_pd = [0.0016256999224424362, 0.0008433000184595585, 0.0008669999660924077, 0.000861200038343668, 0.0008227999787777662, 0.0011822000378742814, 0.0016805999912321568, 0.0007400000467896461, 0.0009011999936774373, 0.0007833999115973711]
        melhor_cam_pd = [[0, 5, 1, 2, 3, 4, 7, 6, 0], [0, 3, 4, 5, 7, 2, 1, 6, 0], [0, 4, 1, 2, 5, 6, 3, 7, 0], [0, 6, 3, 2, 5, 4, 7, 1, 0], [0, 2, 5, 1, 6, 3, 7, 4, 0], [0, 4, 3, 2, 1, 6, 7, 5, 0], [0, 5, 4, 6, 7, 1, 2, 3, 0], [0, 5, 4, 1, 3, 2, 7, 6, 0], [0, 4, 3, 2, 5, 6, 7, 1, 0], [0, 5, 3, 4, 2, 7, 1, 6, 0]]
        menor_dist_pd = [112.89935270627579, 97.35736193472363, 120.46044440045391, 102.70398052871826, 134.42054383294328, 88.63510559833746, 108.74976577109891, 99.22704234548671, 97.91542905455393, 69.6821855803922]
